Path:
1 0 D: 1 W: 13 end
1 8 T: 1 2 3 4 15 16 23 24 31 32 43 44 55 56 71 72 87 88 107 108 127 128 151 152 177 178 179 180 181 182 183 184 185 186 187 188 189 190 191 192 193 194 195 196 D: 175 W: 7 end
1 2 T: 1 2 3 4 17 18 19 20 21 22 15 16 D: 23 W: 1 end
1 3 T: 1 2 3 4 37 38 39 40 41 42 15 16 23 24 31 32 D: 43 W: 2 end
1 4 T: 1 2 3 4 65 66 67 68 69 70 15 16 23 24 31 32 43 44 55 56 D: 71 W: 3 end
1 5 T: 1 2 3 4 101 102 103 104 105 106 15 16 23 24 31 32 43 44 55 56 71 72 87 88 D: 107 W: 4 end
1 6 T: 1 2 3 4 145 146 147 148 149 150 15 16 23 24 31 32 43 44 55 56 71 72 87 88 107 108 127 128 D: 151 W: 5 end
1 7 T: 1 2 3 4 197 198 199 200 201 202 15 16 23 24 31 32 43 44 55 56 71 72 87 88 107 108 127 128 151 152 175 176 D: 203 W: 6 end
1 9 T: 1 2 3 4 195 196 223 224 D: 127 W: 8 end
1 10 T: 1 2 3 4 143 144 167 168 191 192 219 220 D: 87 W: 9 end
1 11 T: 1 2 3 4 99 100 119 120 139 140 163 164 187 188 215 216 D: 55 W: 10 end
1 12 T: 1 2 3 4 63 64 79 80 95 96 115 116 135 136 159 160 183 184 211 212 D: 31 W: 11 end
1 13 T: 1 2 3 4 35 36 47 48 59 60 75 76 91 92 111 112 131 132 155 156 179 180 207 208 D: 15 W: 12 end
1 14 T: 1 2 3 4 15 16 23 24 31 32 43 44 55 56 71 72 87 88 107 108 127 128 151 152 175 176 203 204 W: 15 end
1 15 T: 1 2 7 8 11 12 19 20 27 28 39 40 51 52 67 68 83 84 103 104 123 124 147 148 171 172 199 200 D: 4 W: 14 end
2 0 T: 1 2 5 6 D: 9 W: 11 end
2 8 T: 9 10 11 12 13 14 15 16 35 36 47 48 59 60 75 76 91 92 111 112 131 132 155 156 181 182 183 184 185 186 187 188 189 190 191 192 193 194 195 196 D: 179 W: 6 end
2 1 T: 9 10 5 6 11 12 7 8 D: 13 W: 14 end
2 3 T: 9 10 11 12 13 14 15 16 37 38 39 40 41 42 43 44 45 46 35 36 D: 47 W: 1 end
2 4 T: 9 10 11 12 13 14 15 16 65 66 67 68 69 70 71 72 73 74 35 36 47 48 59 60 D: 75 W: 2 end
2 5 T: 9 10 11 12 13 14 15 16 101 102 103 104 105 106 107 108 109 110 35 36 47 48 59 60 75 76 91 92 D: 111 W: 3 end
2 6 T: 9 10 11 12 13 14 15 16 145 146 147 148 149 150 151 152 153 154 35 36 47 48 59 60 75 76 91 92 111 112 131 132 D: 155 W: 4 end
2 7 T: 9 10 11 12 13 14 15 16 197 198 199 200 201 202 203 204 205 206 35 36 47 48 59 60 75 76 91 92 111 112 131 132 155 156 179 180 D: 207 W: 5 end
2 9 T: 9 10 11 12 13 14 15 16 195 196 223 224 D: 131 W: 7 end
2 10 T: 9 10 11 12 13 14 15 16 143 144 167 168 191 192 219 220 D: 91 W: 8 end
2 11 T: 9 10 11 12 13 14 15 16 99 100 119 120 139 140 163 164 187 188 215 216 D: 59 W: 9 end
2 12 T: 9 10 11 12 13 14 15 16 63 64 79 80 95 96 115 116 135 136 159 160 183 184 211 212 D: 35 W: 10 end
2 13 T: 9 10 11 12 13 14 15 16 35 36 47 48 59 60 75 76 91 92 111 112 131 132 155 156 179 180 207 208 W: 15 end
2 14 T: 9 10 11 12 13 14 23 24 31 32 43 44 55 56 71 72 87 88 107 108 127 128 151 152 175 176 203 204 D: 16 W: 12 end
2 15 T: 9 10 19 20 27 28 39 40 51 52 67 68 83 84 103 104 123 124 147 148 171 172 199 200 D: 12 W: 13 end
3 0 T: 1 2 5 6 9 10 17 18 D: 25 W: 9 end
3 8 T: 25 26 27 28 29 30 31 32 33 34 35 36 63 64 79 80 95 96 115 116 135 136 159 160 185 186 187 188 189 190 191 192 193 194 195 196 D: 183 W: 5 end
3 1 T: 25 26 5 6 27 28 7 8 13 14 21 22 D: 29 W: 13 end
3 2 T: 25 26 17 18 27 28 19 20 29 30 21 22 31 32 23 24 D: 33 W: 14 end
3 4 T: 25 26 27 28 29 30 31 32 33 34 35 36 65 66 67 68 69 70 71 72 73 74 75 76 77 78 63 64 D: 79 W: 1 end
3 5 T: 25 26 27 28 29 30 31 32 33 34 35 36 101 102 103 104 105 106 107 108 109 110 111 112 113 114 63 64 79 80 95 96 D: 115 W: 2 end
3 6 T: 25 26 27 28 29 30 31 32 33 34 35 36 145 146 147 148 149 150 151 152 153 154 155 156 157 158 63 64 79 80 95 96 115 116 135 136 D: 159 W: 3 end
3 7 T: 25 26 27 28 29 30 31 32 33 34 35 36 197 198 199 200 201 202 203 204 205 206 207 208 209 210 63 64 79 80 95 96 115 116 135 136 159 160 183 184 D: 211 W: 4 end
3 9 T: 25 26 27 28 29 30 31 32 33 34 35 36 195 196 223 224 D: 135 W: 6 end
3 10 T: 25 26 27 28 29 30 31 32 33 34 35 36 143 144 167 168 191 192 219 220 D: 95 W: 7 end
3 11 T: 25 26 27 28 29 30 31 32 33 34 35 36 99 100 119 120 139 140 163 164 187 188 215 216 D: 63 W: 8 end
3 12 T: 25 26 27 28 29 30 31 32 33 34 35 36 63 64 79 80 95 96 115 116 135 136 159 160 183 184 211 212 W: 15 end
3 13 T: 25 26 27 28 29 30 31 32 33 34 47 48 59 60 75 76 91 92 111 112 131 132 155 156 179 180 207 208 D: 36 W: 10 end
3 14 T: 25 26 27 28 29 30 43 44 55 56 71 72 87 88 107 108 127 128 151 152 175 176 203 204 D: 32 W: 11 end
3 15 T: 25 26 39 40 51 52 67 68 83 84 103 104 123 124 147 148 171 172 199 200 D: 28 W: 12 end
4 0 T: 1 2 5 6 9 10 17 18 25 26 37 38 D: 49 W: 7 end
4 8 T: 49 50 51 52 53 54 55 56 57 58 59 60 61 62 63 64 99 100 119 120 139 140 163 164 189 190 191 192 193 194 195 196 D: 187 W: 4 end
4 1 T: 49 50 5 6 51 52 7 8 13 14 21 22 29 30 41 42 D: 53 W: 12 end
4 2 T: 49 50 17 18 51 52 19 20 53 54 21 22 55 56 23 24 33 34 45 46 D: 57 W: 13 end
4 3 T: 49 50 37 38 51 52 39 40 53 54 41 42 55 56 43 44 57 58 45 46 59 60 47 48 D: 61 W: 14 end
4 5 T: 49 50 51 52 53 54 55 56 57 58 59 60 61 62 63 64 101 102 103 104 105 106 107 108 109 110 111 112 113 114 115 116 117 118 99 100 D: 119 W: 1 end
4 6 T: 49 50 51 52 53 54 55 56 57 58 59 60 61 62 63 64 145 146 147 148 149 150 151 152 153 154 155 156 157 158 159 160 161 162 99 100 119 120 139 140 D: 163 W: 2 end
4 7 T: 49 50 51 52 53 54 55 56 57 58 59 60 61 62 63 64 197 198 199 200 201 202 203 204 205 206 207 208 209 210 211 212 213 214 99 100 119 120 139 140 163 164 187 188 D: 215 W: 3 end
4 9 T: 49 50 51 52 53 54 55 56 57 58 59 60 61 62 63 64 195 196 223 224 D: 139 W: 5 end
4 10 T: 49 50 51 52 53 54 55 56 57 58 59 60 61 62 63 64 143 144 167 168 191 192 219 220 D: 99 W: 6 end
4 11 T: 49 50 51 52 53 54 55 56 57 58 59 60 61 62 63 64 99 100 119 120 139 140 163 164 187 188 215 216 W: 15 end
4 12 T: 49 50 51 52 53 54 55 56 57 58 59 60 61 62 79 80 95 96 115 116 135 136 159 160 183 184 211 212 D: 64 W: 8 end
4 13 T: 49 50 51 52 53 54 55 56 57 58 75 76 91 92 111 112 131 132 155 156 179 180 207 208 D: 60 W: 9 end
4 14 T: 49 50 51 52 53 54 71 72 87 88 107 108 127 128 151 152 175 176 203 204 D: 56 W: 10 end
4 15 T: 49 50 67 68 83 84 103 104 123 124 147 148 171 172 199 200 D: 52 W: 11 end
5 0 T: 1 2 5 6 9 10 17 18 25 26 37 38 49 50 65 66 D: 81 W: 5 end
5 8 T: 81 82 83 84 85 86 87 88 89 90 91 92 93 94 95 96 97 98 99 100 143 144 167 168 193 194 195 196 D: 191 W: 3 end
5 1 T: 81 82 5 6 83 84 7 8 13 14 21 22 29 30 41 42 53 54 69 70 D: 85 W: 11 end
5 2 T: 81 82 17 18 83 84 19 20 85 86 21 22 87 88 23 24 33 34 45 46 57 58 73 74 D: 89 W: 12 end
5 3 T: 81 82 37 38 83 84 39 40 85 86 41 42 87 88 43 44 89 90 45 46 91 92 47 48 61 62 77 78 D: 93 W: 13 end
5 4 T: 81 82 65 66 83 84 67 68 85 86 69 70 87 88 71 72 89 90 73 74 91 92 75 76 93 94 77 78 95 96 79 80 D: 97 W: 14 end
5 6 T: 81 82 83 84 85 86 87 88 89 90 91 92 93 94 95 96 97 98 99 100 145 146 147 148 149 150 151 152 153 154 155 156 157 158 159 160 161 162 163 164 165 166 143 144 D: 167 W: 1 end
5 7 T: 81 82 83 84 85 86 87 88 89 90 91 92 93 94 95 96 97 98 99 100 197 198 199 200 201 202 203 204 205 206 207 208 209 210 211 212 213 214 215 216 217 218 143 144 167 168 191 192 D: 219 W: 2 end
5 9 T: 81 82 83 84 85 86 87 88 89 90 91 92 93 94 95 96 97 98 99 100 195 196 223 224 D: 143 W: 4 end
5 10 T: 81 82 83 84 85 86 87 88 89 90 91 92 93 94 95 96 97 98 99 100 143 144 167 168 191 192 219 220 W: 15 end
5 11 T: 81 82 83 84 85 86 87 88 89 90 91 92 93 94 95 96 97 98 119 120 139 140 163 164 187 188 215 216 D: 100 W: 6 end
5 12 T: 81 82 83 84 85 86 87 88 89 90 91 92 93 94 115 116 135 136 159 160 183 184 211 212 D: 96 W: 7 end
5 13 T: 81 82 83 84 85 86 87 88 89 90 111 112 131 132 155 156 179 180 207 208 D: 92 W: 8 end
5 14 T: 81 82 83 84 85 86 107 108 127 128 151 152 175 176 203 204 D: 88 W: 9 end
5 15 T: 81 82 103 104 123 124 147 148 171 172 199 200 D: 84 W: 10 end
6 0 T: 1 2 5 6 9 10 17 18 25 26 37 38 49 50 65 66 81 82 101 102 D: 121 W: 3 end
6 8 T: 121 122 123 124 125 126 127 128 129 130 131 132 133 134 135 136 137 138 139 140 141 142 143 144 D: 195 W: 2 end
6 1 T: 121 122 5 6 123 124 7 8 13 14 21 22 29 30 41 42 53 54 69 70 85 86 105 106 D: 125 W: 10 end
6 2 T: 121 122 17 18 123 124 19 20 125 126 21 22 127 128 23 24 33 34 45 46 57 58 73 74 89 90 109 110 D: 129 W: 11 end
6 3 T: 121 122 37 38 123 124 39 40 125 126 41 42 127 128 43 44 129 130 45 46 131 132 47 48 61 62 77 78 93 94 113 114 D: 133 W: 12 end
6 4 T: 121 122 65 66 123 124 67 68 125 126 69 70 127 128 71 72 129 130 73 74 131 132 75 76 133 134 77 78 135 136 79 80 97 98 117 118 D: 137 W: 13 end
6 5 T: 121 122 101 102 123 124 103 104 125 126 105 106 127 128 107 108 129 130 109 110 131 132 111 112 133 134 113 114 135 136 115 116 137 138 117 118 139 140 119 120 D: 141 W: 14 end
6 7 T: 121 122 123 124 125 126 127 128 129 130 131 132 133 134 135 136 137 138 139 140 141 142 143 144 197 198 199 200 201 202 203 204 205 206 207 208 209 210 211 212 213 214 215 216 217 218 219 220 221 222 195 196 D: 223 W: 1 end
6 9 T: 121 122 123 124 125 126 127 128 129 130 131 132 133 134 135 136 137 138 139 140 141 142 143 144 195 196 223 224 W: 15 end
6 10 T: 121 122 123 124 125 126 127 128 129 130 131 132 133 134 135 136 137 138 139 140 141 142 167 168 191 192 219 220 D: 144 W: 4 end
6 11 T: 121 122 123 124 125 126 127 128 129 130 131 132 133 134 135 136 137 138 163 164 187 188 215 216 D: 140 W: 5 end
6 12 T: 121 122 123 124 125 126 127 128 129 130 131 132 133 134 159 160 183 184 211 212 D: 136 W: 6 end
6 13 T: 121 122 123 124 125 126 127 128 129 130 155 156 179 180 207 208 D: 132 W: 7 end
6 14 T: 121 122 123 124 125 126 151 152 175 176 203 204 D: 128 W: 8 end
6 15 T: 121 122 147 148 171 172 199 200 D: 124 W: 9 end
7 0 T: 1 2 5 6 9 10 17 18 25 26 37 38 49 50 65 66 81 82 101 102 121 122 145 146 D: 169 W: 1 end
7 8 T: 169 170 171 172 173 174 175 176 177 178 179 180 181 182 183 184 185 186 187 188 189 190 191 192 193 194 195 196 W: 15 end
7 1 T: 169 170 5 6 171 172 7 8 13 14 21 22 29 30 41 42 53 54 69 70 85 86 105 106 125 126 149 150 D: 173 W: 9 end
7 2 T: 169 170 17 18 171 172 19 20 173 174 21 22 175 176 23 24 33 34 45 46 57 58 73 74 89 90 109 110 129 130 153 154 D: 177 W: 10 end
7 3 T: 169 170 37 38 171 172 39 40 173 174 41 42 175 176 43 44 177 178 45 46 179 180 47 48 61 62 77 78 93 94 113 114 133 134 157 158 D: 181 W: 11 end
7 4 T: 169 170 65 66 171 172 67 68 173 174 69 70 175 176 71 72 177 178 73 74 179 180 75 76 181 182 77 78 183 184 79 80 97 98 117 118 137 138 161 162 D: 185 W: 12 end
7 5 T: 169 170 101 102 171 172 103 104 173 174 105 106 175 176 107 108 177 178 109 110 179 180 111 112 181 182 113 114 183 184 115 116 185 186 117 118 187 188 119 120 141 142 165 166 D: 189 W: 13 end
7 6 T: 169 170 145 146 171 172 147 148 173 174 149 150 175 176 151 152 177 178 153 154 179 180 155 156 181 182 157 158 183 184 159 160 185 186 161 162 187 188 163 164 189 190 165 166 191 192 167 168 D: 193 W: 14 end
7 9 T: 169 170 171 172 173 174 175 176 177 178 179 180 181 182 183 184 185 186 187 188 189 190 191 192 193 194 223 224 D: 196 W: 2 end
7 10 T: 169 170 171 172 173 174 175 176 177 178 179 180 181 182 183 184 185 186 187 188 189 190 219 220 D: 192 W: 3 end
7 11 T: 169 170 171 172 173 174 175 176 177 178 179 180 181 182 183 184 185 186 215 216 D: 188 W: 4 end
7 12 T: 169 170 171 172 173 174 175 176 177 178 179 180 181 182 211 212 D: 184 W: 5 end
7 13 T: 169 170 171 172 173 174 175 176 177 178 207 208 D: 180 W: 6 end
7 14 T: 169 170 171 172 173 174 203 204 D: 176 W: 7 end
7 15 T: 169 170 199 200 D: 172 W: 8 end
9 0 T: 193 194 221 222 1 2 5 6 9 10 17 18 25 26 37 38 49 50 65 66 81 82 101 102 121 122 147 148 149 150 151 152 153 154 155 156 157 158 159 160 161 162 163 164 165 166 167 168 D: 145 W: 12 end
9 10 T: 191 192 193 194 219 220 221 222 D: 168 W: 1 end
9 11 T: 187 188 193 194 215 216 221 222 D: 164 W: 2 end
9 12 T: 183 184 193 194 211 212 221 222 D: 160 W: 3 end
9 13 T: 179 180 193 194 207 208 221 222 D: 156 W: 4 end
9 14 T: 175 176 193 194 203 204 221 222 D: 152 W: 5 end
9 15 T: 171 172 193 194 199 200 221 222 D: 148 W: 6 end
9 1 T: 193 194 221 222 13 14 21 22 29 30 41 42 53 54 69 70 85 86 105 106 125 126 151 152 153 154 155 156 157 158 159 160 161 162 163 164 165 166 167 168 5 6 7 8 D: 149 W: 7 end
9 2 T: 193 194 221 222 33 34 45 46 57 58 73 74 89 90 109 110 129 130 155 156 157 158 159 160 161 162 163 164 165 166 167 168 17 18 19 20 21 22 23 24 D: 153 W: 8 end
9 3 T: 193 194 221 222 61 62 77 78 93 94 113 114 133 134 159 160 161 162 163 164 165 166 167 168 37 38 39 40 41 42 43 44 45 46 47 48 D: 157 W: 9 end
9 4 T: 193 194 221 222 97 98 117 118 137 138 163 164 165 166 167 168 65 66 67 68 69 70 71 72 73 74 75 76 77 78 79 80 D: 161 W: 10 end
9 5 T: 193 194 221 222 141 142 167 168 101 102 103 104 105 106 107 108 109 110 111 112 113 114 115 116 117 118 119 120 D: 165 W: 11 end
9 6 T: 193 194 221 222 145 146 147 148 149 150 151 152 153 154 155 156 157 158 159 160 161 162 163 164 165 166 167 168 W: 15 end
9 7 T: 197 198 199 200 201 202 203 204 205 206 207 208 209 210 211 212 213 214 215 216 217 218 219 220 D: 222 W: 13 end
9 8 T: 221 222 195 196 D: 194 W: 14 end
10 0 T: 141 142 165 166 189 190 217 218 1 2 5 6 9 10 17 18 25 26 37 38 49 50 65 66 81 82 103 104 105 106 107 108 109 110 111 112 113 114 115 116 117 118 119 120 D: 101 W: 10 end
10 9 T: 165 166 189 190 217 218 195 196 223 224 143 144 D: 142 W: 14 end
10 11 T: 139 140 141 142 163 164 165 166 187 188 189 190 215 216 217 218 D: 120 W: 1 end
10 12 T: 135 136 141 142 159 160 165 166 183 184 189 190 211 212 217 218 D: 116 W: 2 end
10 13 T: 131 132 141 142 155 156 165 166 179 180 189 190 207 208 217 218 D: 112 W: 3 end
10 14 T: 127 128 141 142 151 152 165 166 175 176 189 190 203 204 217 218 D: 108 W: 4 end
10 15 T: 123 124 141 142 147 148 165 166 171 172 189 190 199 200 217 218 D: 104 W: 5 end
10 1 T: 141 142 165 166 189 190 217 218 13 14 21 22 29 30 41 42 53 54 69 70 85 86 107 108 109 110 111 112 113 114 115 116 117 118 119 120 5 6 7 8 D: 105 W: 6 end
10 2 T: 141 142 165 166 189 190 217 218 33 34 45 46 57 58 73 74 89 90 111 112 113 114 115 116 117 118 119 120 17 18 19 20 21 22 23 24 D: 109 W: 7 end
10 3 T: 141 142 165 166 189 190 217 218 61 62 77 78 93 94 115 116 117 118 119 120 37 38 39 40 41 42 43 44 45 46 47 48 D: 113 W: 8 end
10 4 T: 141 142 165 166 189 190 217 218 97 98 119 120 65 66 67 68 69 70 71 72 73 74 75 76 77 78 79 80 D: 117 W: 9 end
10 5 T: 141 142 165 166 189 190 217 218 101 102 103 104 105 106 107 108 109 110 111 112 113 114 115 116 117 118 119 120 W: 15 end
10 6 T: 189 190 217 218 145 146 147 148 149 150 151 152 153 154 155 156 157 158 159 160 161 162 163 164 D: 166 W: 11 end
10 7 T: 197 198 199 200 201 202 203 204 205 206 207 208 209 210 211 212 213 214 215 216 D: 218 W: 12 end
10 8 T: 217 218 191 192 193 194 195 196 W: 13 end
11 0 T: 97 98 117 118 137 138 161 162 185 186 213 214 1 2 5 6 9 10 17 18 25 26 37 38 49 50 67 68 69 70 71 72 73 74 75 76 77 78 79 80 D: 65 W: 8 end
11 9 T: 161 162 185 186 213 214 195 196 223 224 139 140 141 142 143 144 D: 138 W: 13 end
11 10 T: 117 118 137 138 161 162 185 186 213 214 143 144 167 168 191 192 219 220 99 100 D: 98 W: 14 end
11 12 T: 95 96 97 98 115 116 117 118 135 136 137 138 159 160 161 162 183 184 185 186 211 212 213 214 D: 80 W: 1 end
11 13 T: 91 92 97 98 111 112 117 118 131 132 137 138 155 156 161 162 179 180 185 186 207 208 213 214 D: 76 W: 2 end
11 14 T: 87 88 97 98 107 108 117 118 127 128 137 138 151 152 161 162 175 176 185 186 203 204 213 214 D: 72 W: 3 end
11 15 T: 83 84 97 98 103 104 117 118 123 124 137 138 147 148 161 162 171 172 185 186 199 200 213 214 D: 68 W: 4 end
11 1 T: 97 98 117 118 137 138 161 162 185 186 213 214 13 14 21 22 29 30 41 42 53 54 71 72 73 74 75 76 77 78 79 80 5 6 7 8 D: 69 W: 5 end
11 2 T: 97 98 117 118 137 138 161 162 185 186 213 214 33 34 45 46 57 58 75 76 77 78 79 80 17 18 19 20 21 22 23 24 D: 73 W: 6 end
11 3 T: 97 98 117 118 137 138 161 162 185 186 213 214 61 62 79 80 37 38 39 40 41 42 43 44 45 46 47 48 D: 77 W: 7 end
11 4 T: 97 98 117 118 137 138 161 162 185 186 213 214 65 66 67 68 69 70 71 72 73 74 75 76 77 78 79 80 W: 15 end
11 5 T: 137 138 161 162 185 186 213 214 101 102 103 104 105 106 107 108 109 110 111 112 113 114 115 116 D: 118 W: 9 end
11 6 T: 185 186 213 214 145 146 147 148 149 150 151 152 153 154 155 156 157 158 159 160 D: 162 W: 10 end
11 7 T: 197 198 199 200 201 202 203 204 205 206 207 208 209 210 211 212 D: 214 W: 11 end
11 8 T: 213 214 187 188 189 190 191 192 193 194 195 196 W: 12 end
12 0 T: 61 62 77 78 93 94 113 114 133 134 157 158 181 182 209 210 1 2 5 6 9 10 17 18 25 26 39 40 41 42 43 44 45 46 47 48 D: 37 W: 6 end
12 9 T: 157 158 181 182 209 210 195 196 223 224 135 136 137 138 139 140 141 142 143 144 D: 134 W: 12 end
12 10 T: 113 114 133 134 157 158 181 182 209 210 143 144 167 168 191 192 219 220 95 96 97 98 99 100 D: 94 W: 13 end
12 11 T: 77 78 93 94 113 114 133 134 157 158 181 182 209 210 99 100 119 120 139 140 163 164 187 188 215 216 63 64 D: 62 W: 14 end
12 13 T: 59 60 61 62 75 76 77 78 91 92 93 94 111 112 113 114 131 132 133 134 155 156 157 158 179 180 181 182 207 208 209 210 D: 48 W: 1 end
12 14 T: 55 56 61 62 71 72 77 78 87 88 93 94 107 108 113 114 127 128 133 134 151 152 157 158 175 176 181 182 203 204 209 210 D: 44 W: 2 end
12 15 T: 51 52 61 62 67 68 77 78 83 84 93 94 103 104 113 114 123 124 133 134 147 148 157 158 171 172 181 182 199 200 209 210 D: 40 W: 3 end
12 1 T: 61 62 77 78 93 94 113 114 133 134 157 158 181 182 209 210 13 14 21 22 29 30 43 44 45 46 47 48 5 6 7 8 D: 41 W: 4 end
12 2 T: 61 62 77 78 93 94 113 114 133 134 157 158 181 182 209 210 33 34 47 48 17 18 19 20 21 22 23 24 D: 45 W: 5 end
12 3 T: 61 62 77 78 93 94 113 114 133 134 157 158 181 182 209 210 37 38 39 40 41 42 43 44 45 46 47 48 W: 15 end
12 4 T: 93 94 113 114 133 134 157 158 181 182 209 210 65 66 67 68 69 70 71 72 73 74 75 76 D: 78 W: 7 end
12 5 T: 133 134 157 158 181 182 209 210 101 102 103 104 105 106 107 108 109 110 111 112 D: 114 W: 8 end
12 6 T: 181 182 209 210 145 146 147 148 149 150 151 152 153 154 155 156 D: 158 W: 9 end
12 7 T: 197 198 199 200 201 202 203 204 205 206 207 208 D: 210 W: 10 end
12 8 T: 209 210 183 184 185 186 187 188 189 190 191 192 193 194 195 196 W: 11 end
13 0 T: 33 34 45 46 57 58 73 74 89 90 109 110 129 130 153 154 177 178 205 206 1 2 5 6 9 10 19 20 21 22 23 24 D: 17 W: 4 end
13 9 T: 153 154 177 178 205 206 195 196 223 224 131 132 133 134 135 136 137 138 139 140 141 142 143 144 D: 130 W: 11 end
13 10 T: 109 110 129 130 153 154 177 178 205 206 143 144 167 168 191 192 219 220 91 92 93 94 95 96 97 98 99 100 D: 90 W: 12 end
13 11 T: 73 74 89 90 109 110 129 130 153 154 177 178 205 206 99 100 119 120 139 140 163 164 187 188 215 216 59 60 61 62 63 64 D: 58 W: 13 end
13 12 T: 45 46 57 58 73 74 89 90 109 110 129 130 153 154 177 178 205 206 63 64 79 80 95 96 115 116 135 136 159 160 183 184 211 212 35 36 D: 34 W: 14 end
13 14 T: 31 32 33 34 43 44 45 46 55 56 57 58 71 72 73 74 87 88 89 90 107 108 109 110 127 128 129 130 151 152 153 154 175 176 177 178 203 204 205 206 D: 24 W: 1 end
13 15 T: 27 28 33 34 39 40 45 46 51 52 57 58 67 68 73 74 83 84 89 90 103 104 109 110 123 124 129 130 147 148 153 154 171 172 177 178 199 200 205 206 D: 20 W: 2 end
13 1 T: 33 34 45 46 57 58 73 74 89 90 109 110 129 130 153 154 177 178 205 206 13 14 23 24 5 6 7 8 D: 21 W: 3 end
13 2 T: 33 34 45 46 57 58 73 74 89 90 109 110 129 130 153 154 177 178 205 206 17 18 19 20 21 22 23 24 W: 15 end
13 3 T: 57 58 73 74 89 90 109 110 129 130 153 154 177 178 205 206 37 38 39 40 41 42 43 44 D: 46 W: 5 end
13 4 T: 89 90 109 110 129 130 153 154 177 178 205 206 65 66 67 68 69 70 71 72 D: 74 W: 6 end
13 5 T: 129 130 153 154 177 178 205 206 101 102 103 104 105 106 107 108 D: 110 W: 7 end
13 6 T: 177 178 205 206 145 146 147 148 149 150 151 152 D: 154 W: 8 end
13 7 T: 197 198 199 200 201 202 203 204 D: 206 W: 9 end
13 8 T: 205 206 179 180 181 182 183 184 185 186 187 188 189 190 191 192 193 194 195 196 W: 10 end
14 0 T: 13 14 21 22 29 30 41 42 53 54 69 70 85 86 105 106 125 126 149 150 173 174 201 202 1 2 7 8 D: 5 W: 2 end
14 9 T: 149 150 173 174 201 202 195 196 223 224 127 128 129 130 131 132 133 134 135 136 137 138 139 140 141 142 143 144 D: 126 W: 10 end
14 10 T: 105 106 125 126 149 150 173 174 201 202 143 144 167 168 191 192 219 220 87 88 89 90 91 92 93 94 95 96 97 98 99 100 D: 86 W: 11 end
14 11 T: 69 70 85 86 105 106 125 126 149 150 173 174 201 202 99 100 119 120 139 140 163 164 187 188 215 216 55 56 57 58 59 60 61 62 63 64 D: 54 W: 12 end
14 12 T: 41 42 53 54 69 70 85 86 105 106 125 126 149 150 173 174 201 202 63 64 79 80 95 96 115 116 135 136 159 160 183 184 211 212 31 32 33 34 35 36 D: 30 W: 13 end
14 13 T: 21 22 29 30 41 42 53 54 69 70 85 86 105 106 125 126 149 150 173 174 201 202 35 36 47 48 59 60 75 76 91 92 111 112 131 132 155 156 179 180 207 208 15 16 D: 14 W: 14 end
14 15 T: 11 12 13 14 19 20 21 22 27 28 29 30 39 40 41 42 51 52 53 54 67 68 69 70 83 84 85 86 103 104 105 106 123 124 125 126 147 148 149 150 171 172 173 174 199 200 201 202 D: 8 W: 1 end
14 1 T: 13 14 21 22 29 30 41 42 53 54 69 70 85 86 105 106 125 126 149 150 173 174 201 202 5 6 7 8 W: 15 end
14 2 T: 29 30 41 42 53 54 69 70 85 86 105 106 125 126 149 150 173 174 201 202 17 18 19 20 D: 22 W: 3 end
14 3 T: 53 54 69 70 85 86 105 106 125 126 149 150 173 174 201 202 37 38 39 40 D: 42 W: 4 end
14 4 T: 85 86 105 106 125 126 149 150 173 174 201 202 65 66 67 68 D: 70 W: 5 end
14 5 T: 125 126 149 150 173 174 201 202 101 102 103 104 D: 106 W: 6 end
14 6 T: 173 174 201 202 145 146 147 148 D: 150 W: 7 end
14 7 T: 197 198 199 200 D: 202 W: 8 end
14 8 T: 201 202 175 176 177 178 179 180 181 182 183 184 185 186 187 188 189 190 191 192 193 194 195 196 W: 9 end
15 0 T: 1 2 5 6 9 10 17 18 25 26 37 38 49 50 65 66 81 82 101 102 121 122 145 146 169 170 197 198 W: 15 end
15 9 T: 145 146 169 170 197 198 195 196 223 224 123 124 125 126 127 128 129 130 131 132 133 134 135 136 137 138 139 140 141 142 143 144 D: 122 W: 3 end
15 10 T: 101 102 121 122 145 146 169 170 197 198 143 144 167 168 191 192 219 220 83 84 85 86 87 88 89 90 91 92 93 94 95 96 97 98 99 100 D: 82 W: 5 end
15 11 T: 65 66 81 82 101 102 121 122 145 146 169 170 197 198 99 100 119 120 139 140 163 164 187 188 215 216 51 52 53 54 55 56 57 58 59 60 61 62 63 64 D: 50 W: 7 end
15 12 T: 37 38 49 50 65 66 81 82 101 102 121 122 145 146 169 170 197 198 63 64 79 80 95 96 115 116 135 136 159 160 183 184 211 212 27 28 29 30 31 32 33 34 35 36 D: 26 W: 9 end
15 13 T: 17 18 25 26 37 38 49 50 65 66 81 82 101 102 121 122 145 146 169 170 197 198 35 36 47 48 59 60 75 76 91 92 111 112 131 132 155 156 179 180 207 208 11 12 13 14 15 16 D: 10 W: 11 end
15 14 T: 5 6 9 10 17 18 25 26 37 38 49 50 65 66 81 82 101 102 121 122 145 146 169 170 197 198 15 16 23 24 31 32 43 44 55 56 71 72 87 88 107 108 127 128 151 152 175 176 203 204 3 4 D: 2 W: 13 end
15 1 T: 9 10 17 18 25 26 37 38 49 50 65 66 81 82 101 102 121 122 145 146 169 170 197 198 D: 6 W: 2 end
15 2 T: 25 26 37 38 49 50 65 66 81 82 101 102 121 122 145 146 169 170 197 198 D: 18 W: 4 end
15 3 T: 49 50 65 66 81 82 101 102 121 122 145 146 169 170 197 198 D: 38 W: 6 end
15 4 T: 81 82 101 102 121 122 145 146 169 170 197 198 D: 66 W: 8 end
15 5 T: 121 122 145 146 169 170 197 198 D: 102 W: 10 end
15 6 T: 169 170 197 198 D: 146 W: 12 end
15 7 D: 198 W: 14 end
15 8 T: 197 198 171 172 173 174 175 176 177 178 179 180 181 182 183 184 185 186 187 188 189 190 191 192 193 194 195 196 W: 1 end
0 1 T: 3 4 5 6 D: 7 W: 1 end
0 2 T: 3 4 7 8 11 12 17 18 D: 19 W: 2 end
0 3 T: 3 4 7 8 11 12 19 20 27 28 37 38 D: 39 W: 3 end
0 4 T: 3 4 7 8 11 12 19 20 27 28 39 40 51 52 65 66 D: 67 W: 4 end
0 5 T: 3 4 7 8 11 12 19 20 27 28 39 40 51 52 67 68 83 84 101 102 D: 103 W: 5 end
0 6 T: 3 4 7 8 11 12 19 20 27 28 39 40 51 52 67 68 83 84 103 104 123 124 145 146 D: 147 W: 6 end
0 7 T: 3 4 7 8 11 12 19 20 27 28 39 40 51 52 67 68 83 84 103 104 123 124 147 148 171 172 197 198 D: 199 W: 7 end
0 9 T: 3 4 7 8 11 12 19 20 27 28 39 40 51 52 67 68 83 84 103 104 125 126 127 128 129 130 131 132 133 134 135 136 137 138 139 140 141 142 143 144 195 196 223 224 D: 123 W: 9 end
0 10 T: 3 4 7 8 11 12 19 20 27 28 39 40 51 52 67 68 85 86 87 88 89 90 91 92 93 94 95 96 97 98 99 100 143 144 167 168 191 192 219 220 D: 83 W: 10 end
0 11 T: 3 4 7 8 11 12 19 20 27 28 39 40 53 54 55 56 57 58 59 60 61 62 63 64 99 100 119 120 139 140 163 164 187 188 215 216 D: 51 W: 11 end
0 12 T: 3 4 7 8 11 12 19 20 29 30 31 32 33 34 35 36 63 64 79 80 95 96 115 116 135 136 159 160 183 184 211 212 D: 27 W: 12 end
0 13 T: 3 4 7 8 13 14 15 16 35 36 47 48 59 60 75 76 91 92 111 112 131 132 155 156 179 180 207 208 D: 11 W: 13 end
0 14 T: 15 16 23 24 31 32 43 44 55 56 71 72 87 88 107 108 127 128 151 152 175 176 203 204 D: 3 W: 14 end
0 15 T: 3 4 7 8 11 12 19 20 27 28 39 40 51 52 67 68 83 84 103 104 123 124 147 148 171 172 199 200 W: 15 end
0 8 T: 3 4 7 8 11 12 19 20 27 28 39 40 51 52 67 68 83 84 103 104 123 124 147 148 173 174 175 176 177 178 179 180 181 182 183 184 185 186 187 188 189 190 191 192 193 194 195 196 D: 171 W: 8 end
8 1 T: 13 14 21 22 29 30 41 42 53 54 69 70 85 86 105 106 125 126 149 150 173 174 5 6 7 8 D: 201 W: 8 end
8 2 T: 33 34 45 46 57 58 73 74 89 90 109 110 129 130 153 154 177 178 17 18 19 20 21 22 23 24 D: 205 W: 9 end
8 3 T: 61 62 77 78 93 94 113 114 133 134 157 158 181 182 37 38 39 40 41 42 43 44 45 46 47 48 D: 209 W: 10 end
8 4 T: 97 98 117 118 137 138 161 162 185 186 65 66 67 68 69 70 71 72 73 74 75 76 77 78 79 80 D: 213 W: 11 end
8 5 T: 141 142 165 166 189 190 101 102 103 104 105 106 107 108 109 110 111 112 113 114 115 116 117 118 119 120 D: 217 W: 12 end
8 6 T: 193 194 145 146 147 148 149 150 151 152 153 154 155 156 157 158 159 160 161 162 163 164 165 166 167 168 D: 221 W: 13 end
8 7 T: 197 198 199 200 201 202 203 204 205 206 207 208 209 210 211 212 213 214 215 216 217 218 219 220 221 222 223 224 W: 15 end
8 9 D: 224 W: 1 end
8 10 T: 221 222 223 224 D: 220 W: 2 end
8 11 T: 217 218 219 220 221 222 223 224 D: 216 W: 3 end
8 12 T: 213 214 215 216 217 218 219 220 221 222 223 224 D: 212 W: 4 end
8 13 T: 209 210 211 212 213 214 215 216 217 218 219 220 221 222 223 224 D: 208 W: 5 end
8 14 T: 205 206 207 208 209 210 211 212 213 214 215 216 217 218 219 220 221 222 223 224 D: 204 W: 6 end
8 15 T: 201 202 203 204 205 206 207 208 209 210 211 212 213 214 215 216 217 218 219 220 221 222 223 224 D: 200 W: 7 end
8 0 T: 199 200 201 202 203 204 205 206 207 208 209 210 211 212 213 214 215 216 217 218 219 220 221 222 223 224 1 2 5 6 9 10 17 18 25 26 37 38 49 50 65 66 81 82 101 102 121 122 145 146 169 170 D: 197 W: 14 end