Path:
0 15 T: 1 2 17 18 35 36 51 52 69 70 85 86 103 104 119 120 137 138 153 154 171 172 187 188 205 206 221 222 239 240 W: 16 end
1 14 T: 1 2 3 4 19 20 37 38 53 54 71 72 87 88 105 106 121 122 139 140 155 156 173 174 189 190 207 208 223 224 W: 2 end
2 13 T: 33 34 49 50 67 68 83 84 101 102 117 118 135 136 151 152 169 170 185 186 203 204 219 220 237 238 239 240 223 224 W: 14 end
3 12 T: 33 34 17 18 3 4 5 6 21 22 39 40 55 56 73 74 89 90 107 108 123 124 141 142 157 158 175 176 191 192 W: 4 end
4 11 T: 65 66 81 82 99 100 115 116 133 134 149 150 167 168 183 184 201 202 217 218 235 236 237 238 221 222 207 208 191 192 W: 12 end
5 10 T: 65 66 49 50 35 36 19 20 5 6 7 8 23 24 41 42 57 58 75 76 91 92 109 110 125 126 143 144 159 160 W: 6 end
6 9 T: 97 98 113 114 131 132 147 148 165 166 181 182 199 200 215 216 233 234 235 236 219 220 205 206 189 190 175 176 159 160 W: 10 end
7 8 T: 97 98 81 82 67 68 51 52 37 38 21 22 7 8 9 10 25 26 43 44 59 60 77 78 93 94 111 112 127 128 W: 8 end
8 7 T: 129 130 145 146 163 164 179 180 197 198 213 214 231 232 233 234 217 218 203 204 187 188 173 174 157 158 143 144 127 128 W: 8 end
9 6 T: 129 130 113 114 99 100 83 84 69 70 53 54 39 40 23 24 9 10 11 12 27 28 45 46 61 62 79 80 95 96 W: 10 end
10 5 T: 161 162 177 178 195 196 211 212 229 230 231 232 215 216 201 202 185 186 171 172 155 156 141 142 125 126 111 112 95 96 W: 6 end
11 4 T: 161 162 145 146 131 132 115 116 101 102 85 86 71 72 55 56 41 42 25 26 11 12 13 14 29 30 47 48 63 64 W: 12 end
12 3 T: 193 194 209 210 227 228 229 230 213 214 199 200 183 184 169 170 153 154 139 140 123 124 109 110 93 94 79 80 63 64 W: 4 end
13 2 T: 193 194 177 178 163 164 147 148 133 134 117 118 103 104 87 88 73 74 57 58 43 44 27 28 13 14 15 16 31 32 W: 14 end
14 1 T: 225 226 227 228 211 212 197 198 181 182 167 168 151 152 137 138 121 122 107 108 91 92 77 78 61 62 47 48 31 32 W: 2 end
15 0 T: 225 226 209 210 195 196 179 180 165 166 149 150 135 136 119 120 105 106 89 90 75 76 59 60 45 46 29 30 15 16 W: 16 end
0 0 T: 1 2 17 18 35 36 51 52 69 70 85 86 103 104 105 106 89 90 75 76 59 60 45 46 29 30 15 16 D: 119 W: 8 end
0 1 T: 1 2 17 18 35 36 51 52 69 70 85 86 103 104 119 120 121 122 107 108 91 92 77 78 61 62 47 48 31 32 D: 137 W: 9 end
0 2 T: 1 2 17 18 35 36 51 52 69 70 85 86 87 88 73 74 57 58 43 44 27 28 13 14 15 16 31 32 D: 103 W: 7 end
0 3 T: 1 2 17 18 35 36 51 52 69 70 85 86 103 104 119 120 137 138 139 140 123 124 109 110 93 94 79 80 63 64 D: 153 W: 10 end
0 4 T: 1 2 17 18 35 36 51 52 69 70 71 72 55 56 41 42 25 26 11 12 13 14 29 30 47 48 63 64 D: 85 W: 6 end
0 5 T: 1 2 17 18 35 36 51 52 69 70 85 86 103 104 119 120 137 138 153 154 155 156 141 142 125 126 111 112 95 96 D: 171 W: 11 end
0 6 T: 1 2 17 18 35 36 51 52 53 54 39 40 23 24 9 10 11 12 27 28 45 46 61 62 79 80 95 96 D: 69 W: 5 end
0 7 T: 1 2 17 18 35 36 51 52 69 70 85 86 103 104 119 120 137 138 153 154 171 172 173 174 157 158 143 144 127 128 D: 187 W: 12 end
0 8 T: 1 2 17 18 35 36 37 38 21 22 7 8 9 10 25 26 43 44 59 60 77 78 93 94 111 112 127 128 D: 51 W: 4 end
0 9 T: 1 2 17 18 35 36 51 52 69 70 85 86 103 104 119 120 137 138 153 154 171 172 187 188 189 190 175 176 159 160 D: 205 W: 13 end
0 10 T: 1 2 17 18 19 20 5 6 7 8 23 24 41 42 57 58 75 76 91 92 109 110 125 126 143 144 159 160 D: 35 W: 3 end
0 11 T: 1 2 17 18 35 36 51 52 69 70 85 86 103 104 119 120 137 138 153 154 171 172 187 188 205 206 207 208 191 192 D: 221 W: 14 end
0 12 T: 1 2 3 4 5 6 21 22 39 40 55 56 73 74 89 90 107 108 123 124 141 142 157 158 175 176 191 192 D: 17 W: 2 end
0 13 T: 1 2 17 18 35 36 51 52 69 70 85 86 103 104 119 120 137 138 153 154 171 172 187 188 205 206 221 222 223 224 D: 239 W: 15 end
0 14 T: 3 4 19 20 37 38 53 54 71 72 87 88 105 106 121 122 139 140 155 156 173 174 189 190 207 208 223 224 D: 1 W: 1 end
1 0 T: 1 2 3 4 19 20 37 38 53 54 71 72 87 88 89 90 75 76 59 60 45 46 29 30 15 16 D: 105 W: 9 end
1 1 T: 1 2 3 4 19 20 37 38 53 54 71 72 87 88 105 106 107 108 91 92 77 78 61 62 47 48 31 32 D: 121 W: 10 end
1 2 T: 1 2 3 4 19 20 37 38 53 54 71 72 73 74 57 58 43 44 27 28 13 14 15 16 31 32 D: 87 W: 8 end
1 3 T: 1 2 3 4 19 20 37 38 53 54 71 72 87 88 105 106 121 122 123 124 109 110 93 94 79 80 63 64 D: 139 W: 11 end
1 4 T: 1 2 3 4 19 20 37 38 53 54 55 56 41 42 25 26 11 12 13 14 29 30 47 48 63 64 D: 71 W: 7 end
1 5 T: 1 2 3 4 19 20 37 38 53 54 71 72 87 88 105 106 121 122 139 140 141 142 125 126 111 112 95 96 D: 155 W: 12 end
1 6 T: 1 2 3 4 19 20 37 38 39 40 23 24 9 10 11 12 27 28 45 46 61 62 79 80 95 96 D: 53 W: 6 end
1 7 T: 1 2 3 4 19 20 37 38 53 54 71 72 87 88 105 106 121 122 139 140 155 156 157 158 143 144 127 128 D: 173 W: 13 end
1 8 T: 1 2 3 4 19 20 21 22 7 8 9 10 25 26 43 44 59 60 77 78 93 94 111 112 127 128 D: 37 W: 5 end
1 9 T: 1 2 3 4 19 20 37 38 53 54 71 72 87 88 105 106 121 122 139 140 155 156 173 174 175 176 159 160 D: 189 W: 14 end
1 10 T: 1 2 3 4 5 6 7 8 23 24 41 42 57 58 75 76 91 92 109 110 125 126 143 144 159 160 D: 19 W: 4 end
1 11 T: 1 2 3 4 19 20 37 38 53 54 71 72 87 88 105 106 121 122 139 140 155 156 173 174 189 190 191 192 D: 207 W: 15 end
1 12 T: 1 2 5 6 21 22 39 40 55 56 73 74 89 90 107 108 123 124 141 142 157 158 175 176 191 192 D: 3 W: 3 end
1 13 T: 1 2 3 4 19 20 37 38 53 54 71 72 87 88 105 106 121 122 139 140 155 156 173 174 189 190 207 208 D: 223 W: 16 end
1 15 T: 17 18 35 36 51 52 69 70 85 86 103 104 119 120 137 138 153 154 171 172 187 188 205 206 221 222 239 240 D: 1 W: 1 end
2 0 T: 33 34 49 50 67 68 83 84 101 102 117 118 119 120 105 106 89 90 75 76 59 60 45 46 29 30 15 16 D: 135 W: 7 end
2 1 T: 33 34 49 50 67 68 83 84 101 102 117 118 135 136 137 138 121 122 107 108 91 92 77 78 61 62 47 48 31 32 D: 151 W: 8 end
2 2 T: 33 34 49 50 67 68 83 84 101 102 103 104 87 88 73 74 57 58 43 44 27 28 13 14 15 16 31 32 D: 117 W: 6 end
2 3 T: 33 34 49 50 67 68 83 84 101 102 117 118 135 136 151 152 153 154 139 140 123 124 109 110 93 94 79 80 63 64 D: 169 W: 9 end
2 4 T: 33 34 49 50 67 68 83 84 85 86 71 72 55 56 41 42 25 26 11 12 13 14 29 30 47 48 63 64 D: 101 W: 5 end
2 5 T: 33 34 49 50 67 68 83 84 101 102 117 118 135 136 151 152 169 170 171 172 155 156 141 142 125 126 111 112 95 96 D: 185 W: 10 end
2 6 T: 33 34 49 50 67 68 69 70 53 54 39 40 23 24 9 10 11 12 27 28 45 46 61 62 79 80 95 96 D: 83 W: 4 end
2 7 T: 33 34 49 50 67 68 83 84 101 102 117 118 135 136 151 152 169 170 185 186 187 188 173 174 157 158 143 144 127 128 D: 203 W: 11 end
2 8 T: 33 34 49 50 51 52 37 38 21 22 7 8 9 10 25 26 43 44 59 60 77 78 93 94 111 112 127 128 D: 67 W: 3 end
2 9 T: 33 34 49 50 67 68 83 84 101 102 117 118 135 136 151 152 169 170 185 186 203 204 205 206 189 190 175 176 159 160 D: 219 W: 12 end
2 10 T: 33 34 35 36 19 20 5 6 7 8 23 24 41 42 57 58 75 76 91 92 109 110 125 126 143 144 159 160 D: 49 W: 2 end
2 11 T: 33 34 49 50 67 68 83 84 101 102 117 118 135 136 151 152 169 170 185 186 203 204 219 220 221 222 207 208 191 192 D: 237 W: 13 end
2 12 T: 17 18 3 4 5 6 21 22 39 40 55 56 73 74 89 90 107 108 123 124 141 142 157 158 175 176 191 192 D: 33 W: 1 end
2 14 T: 33 34 49 50 67 68 83 84 101 102 117 118 135 136 151 152 169 170 185 186 203 204 219 220 237 238 239 240 D: 223 W: 16 end
2 15 T: 33 34 49 50 67 68 83 84 101 102 117 118 135 136 151 152 169 170 185 186 203 204 219 220 237 238 D: 239 W: 15 end
3 0 T: 33 34 17 18 3 4 5 6 21 22 39 40 55 56 73 74 75 76 59 60 45 46 29 30 15 16 D: 89 W: 10 end
3 1 T: 33 34 17 18 3 4 5 6 21 22 39 40 55 56 73 74 89 90 91 92 77 78 61 62 47 48 31 32 D: 107 W: 11 end
3 2 T: 33 34 17 18 3 4 5 6 21 22 39 40 55 56 57 58 43 44 27 28 13 14 15 16 31 32 D: 73 W: 9 end
3 3 T: 33 34 17 18 3 4 5 6 21 22 39 40 55 56 73 74 89 90 107 108 109 110 93 94 79 80 63 64 D: 123 W: 12 end
3 4 T: 33 34 17 18 3 4 5 6 21 22 39 40 41 42 25 26 11 12 13 14 29 30 47 48 63 64 D: 55 W: 8 end
3 5 T: 33 34 17 18 3 4 5 6 21 22 39 40 55 56 73 74 89 90 107 108 123 124 125 126 111 112 95 96 D: 141 W: 13 end
3 6 T: 33 34 17 18 3 4 5 6 21 22 23 24 9 10 11 12 27 28 45 46 61 62 79 80 95 96 D: 39 W: 7 end
3 7 T: 33 34 17 18 3 4 5 6 21 22 39 40 55 56 73 74 89 90 107 108 123 124 141 142 143 144 127 128 D: 157 W: 14 end
3 8 T: 33 34 17 18 3 4 5 6 7 8 9 10 25 26 43 44 59 60 77 78 93 94 111 112 127 128 D: 21 W: 6 end
3 9 T: 33 34 17 18 3 4 5 6 21 22 39 40 55 56 73 74 89 90 107 108 123 124 141 142 157 158 159 160 D: 175 W: 15 end
3 10 T: 33 34 17 18 3 4 7 8 23 24 41 42 57 58 75 76 91 92 109 110 125 126 143 144 159 160 D: 5 W: 5 end
3 11 T: 33 34 17 18 3 4 5 6 21 22 39 40 55 56 73 74 89 90 107 108 123 124 141 142 157 158 175 176 D: 191 W: 16 end
3 13 T: 49 50 67 68 83 84 101 102 117 118 135 136 151 152 169 170 185 186 203 204 219 220 237 238 239 240 223 224 D: 33 W: 1 end
3 14 T: 33 34 17 18 19 20 37 38 53 54 71 72 87 88 105 106 121 122 139 140 155 156 173 174 189 190 207 208 223 224 D: 3 W: 3 end
3 15 T: 33 34 35 36 51 52 69 70 85 86 103 104 119 120 137 138 153 154 171 172 187 188 205 206 221 222 239 240 D: 17 W: 2 end
4 0 T: 65 66 81 82 99 100 115 116 133 134 135 136 119 120 105 106 89 90 75 76 59 60 45 46 29 30 15 16 D: 149 W: 6 end
4 1 T: 65 66 81 82 99 100 115 116 133 134 149 150 151 152 137 138 121 122 107 108 91 92 77 78 61 62 47 48 31 32 D: 167 W: 7 end
4 2 T: 65 66 81 82 99 100 115 116 117 118 103 104 87 88 73 74 57 58 43 44 27 28 13 14 15 16 31 32 D: 133 W: 5 end
4 3 T: 65 66 81 82 99 100 115 116 133 134 149 150 167 168 169 170 153 154 139 140 123 124 109 110 93 94 79 80 63 64 D: 183 W: 8 end
4 4 T: 65 66 81 82 99 100 101 102 85 86 71 72 55 56 41 42 25 26 11 12 13 14 29 30 47 48 63 64 D: 115 W: 4 end
4 5 T: 65 66 81 82 99 100 115 116 133 134 149 150 167 168 183 184 185 186 171 172 155 156 141 142 125 126 111 112 95 96 D: 201 W: 9 end
4 6 T: 65 66 81 82 83 84 69 70 53 54 39 40 23 24 9 10 11 12 27 28 45 46 61 62 79 80 95 96 D: 99 W: 3 end
4 7 T: 65 66 81 82 99 100 115 116 133 134 149 150 167 168 183 184 201 202 203 204 187 188 173 174 157 158 143 144 127 128 D: 217 W: 10 end
4 8 T: 65 66 67 68 51 52 37 38 21 22 7 8 9 10 25 26 43 44 59 60 77 78 93 94 111 112 127 128 D: 81 W: 2 end
4 9 T: 65 66 81 82 99 100 115 116 133 134 149 150 167 168 183 184 201 202 217 218 219 220 205 206 189 190 175 176 159 160 D: 235 W: 11 end
4 10 T: 49 50 35 36 19 20 5 6 7 8 23 24 41 42 57 58 75 76 91 92 109 110 125 126 143 144 159 160 D: 65 W: 1 end
4 12 T: 65 66 81 82 99 100 115 116 133 134 149 150 167 168 183 184 201 202 217 218 235 236 237 238 221 222 207 208 D: 191 W: 16 end
4 13 T: 65 66 81 82 99 100 115 116 133 134 149 150 167 168 183 184 201 202 217 218 235 236 239 240 223 224 D: 237 W: 13 end
4 14 T: 65 66 81 82 99 100 115 116 133 134 149 150 167 168 183 184 201 202 217 218 235 236 237 238 221 222 223 224 D: 207 W: 15 end
4 15 T: 65 66 81 82 99 100 115 116 133 134 149 150 167 168 183 184 201 202 217 218 235 236 237 238 239 240 D: 221 W: 14 end
5 0 T: 65 66 49 50 35 36 19 20 5 6 7 8 23 24 41 42 57 58 59 60 45 46 29 30 15 16 D: 75 W: 11 end
5 1 T: 65 66 49 50 35 36 19 20 5 6 7 8 23 24 41 42 57 58 75 76 77 78 61 62 47 48 31 32 D: 91 W: 12 end
5 2 T: 65 66 49 50 35 36 19 20 5 6 7 8 23 24 41 42 43 44 27 28 13 14 15 16 31 32 D: 57 W: 10 end
5 3 T: 65 66 49 50 35 36 19 20 5 6 7 8 23 24 41 42 57 58 75 76 91 92 93 94 79 80 63 64 D: 109 W: 13 end
5 4 T: 65 66 49 50 35 36 19 20 5 6 7 8 23 24 25 26 11 12 13 14 29 30 47 48 63 64 D: 41 W: 9 end
5 5 T: 65 66 49 50 35 36 19 20 5 6 7 8 23 24 41 42 57 58 75 76 91 92 109 110 111 112 95 96 D: 125 W: 14 end
5 6 T: 65 66 49 50 35 36 19 20 5 6 7 8 9 10 11 12 27 28 45 46 61 62 79 80 95 96 D: 23 W: 8 end
5 7 T: 65 66 49 50 35 36 19 20 5 6 7 8 23 24 41 42 57 58 75 76 91 92 109 110 125 126 127 128 D: 143 W: 15 end
5 8 T: 65 66 49 50 35 36 19 20 5 6 9 10 25 26 43 44 59 60 77 78 93 94 111 112 127 128 D: 7 W: 7 end
5 9 T: 65 66 49 50 35 36 19 20 5 6 7 8 23 24 41 42 57 58 75 76 91 92 109 110 125 126 143 144 D: 159 W: 16 end
5 11 T: 81 82 99 100 115 116 133 134 149 150 167 168 183 184 201 202 217 218 235 236 237 238 221 222 207 208 191 192 D: 65 W: 1 end
5 12 T: 65 66 49 50 35 36 19 20 21 22 39 40 55 56 73 74 89 90 107 108 123 124 141 142 157 158 175 176 191 192 D: 5 W: 5 end
5 13 T: 65 66 67 68 83 84 101 102 117 118 135 136 151 152 169 170 185 186 203 204 219 220 237 238 239 240 223 224 D: 49 W: 2 end
5 14 T: 65 66 49 50 35 36 37 38 53 54 71 72 87 88 105 106 121 122 139 140 155 156 173 174 189 190 207 208 223 224 D: 19 W: 4 end
5 15 T: 65 66 49 50 51 52 69 70 85 86 103 104 119 120 137 138 153 154 171 172 187 188 205 206 221 222 239 240 D: 35 W: 3 end
6 0 T: 97 98 113 114 131 132 147 148 149 150 135 136 119 120 105 106 89 90 75 76 59 60 45 46 29 30 15 16 D: 165 W: 5 end
6 1 T: 97 98 113 114 131 132 147 148 165 166 167 168 151 152 137 138 121 122 107 108 91 92 77 78 61 62 47 48 31 32 D: 181 W: 6 end
6 2 T: 97 98 113 114 131 132 133 134 117 118 103 104 87 88 73 74 57 58 43 44 27 28 13 14 15 16 31 32 D: 147 W: 4 end
6 3 T: 97 98 113 114 131 132 147 148 165 166 181 182 183 184 169 170 153 154 139 140 123 124 109 110 93 94 79 80 63 64 D: 199 W: 7 end
6 4 T: 97 98 113 114 115 116 101 102 85 86 71 72 55 56 41 42 25 26 11 12 13 14 29 30 47 48 63 64 D: 131 W: 3 end
6 5 T: 97 98 113 114 131 132 147 148 165 166 181 182 199 200 201 202 185 186 171 172 155 156 141 142 125 126 111 112 95 96 D: 215 W: 8 end
6 6 T: 97 98 99 100 83 84 69 70 53 54 39 40 23 24 9 10 11 12 27 28 45 46 61 62 79 80 95 96 D: 113 W: 2 end
6 7 T: 97 98 113 114 131 132 147 148 165 166 181 182 199 200 215 216 217 218 203 204 187 188 173 174 157 158 143 144 127 128 D: 233 W: 9 end
6 8 T: 81 82 67 68 51 52 37 38 21 22 7 8 9 10 25 26 43 44 59 60 77 78 93 94 111 112 127 128 D: 97 W: 1 end
6 10 T: 97 98 113 114 131 132 147 148 165 166 181 182 199 200 215 216 233 234 235 236 219 220 205 206 189 190 175 176 D: 159 W: 16 end
6 11 T: 97 98 113 114 131 132 147 148 165 166 181 182 199 200 215 216 233 234 237 238 221 222 207 208 191 192 D: 235 W: 11 end
6 12 T: 97 98 113 114 131 132 147 148 165 166 181 182 199 200 215 216 233 234 235 236 219 220 205 206 189 190 191 192 D: 175 W: 15 end
6 13 T: 97 98 113 114 131 132 147 148 165 166 181 182 199 200 215 216 233 234 235 236 237 238 239 240 223 224 D: 219 W: 12 end
6 14 T: 97 98 113 114 131 132 147 148 165 166 181 182 199 200 215 216 233 234 235 236 219 220 205 206 207 208 223 224 D: 189 W: 14 end
6 15 T: 97 98 113 114 131 132 147 148 165 166 181 182 199 200 215 216 233 234 235 236 219 220 221 222 239 240 D: 205 W: 13 end
7 0 T: 97 98 81 82 67 68 51 52 37 38 21 22 7 8 9 10 25 26 43 44 45 46 29 30 15 16 D: 59 W: 12 end
7 1 T: 97 98 81 82 67 68 51 52 37 38 21 22 7 8 9 10 25 26 43 44 59 60 61 62 47 48 31 32 D: 77 W: 13 end
7 2 T: 97 98 81 82 67 68 51 52 37 38 21 22 7 8 9 10 25 26 27 28 13 14 15 16 31 32 D: 43 W: 11 end
7 3 T: 97 98 81 82 67 68 51 52 37 38 21 22 7 8 9 10 25 26 43 44 59 60 77 78 79 80 63 64 D: 93 W: 14 end
7 4 T: 97 98 81 82 67 68 51 52 37 38 21 22 7 8 9 10 11 12 13 14 29 30 47 48 63 64 D: 25 W: 10 end
7 5 T: 97 98 81 82 67 68 51 52 37 38 21 22 7 8 9 10 25 26 43 44 59 60 77 78 93 94 95 96 D: 111 W: 15 end
7 6 T: 97 98 81 82 67 68 51 52 37 38 21 22 7 8 11 12 27 28 45 46 61 62 79 80 95 96 D: 9 W: 9 end
7 7 T: 97 98 81 82 67 68 51 52 37 38 21 22 7 8 9 10 25 26 43 44 59 60 77 78 93 94 111 112 D: 127 W: 16 end
7 9 T: 113 114 131 132 147 148 165 166 181 182 199 200 215 216 233 234 235 236 219 220 205 206 189 190 175 176 159 160 D: 97 W: 1 end
7 10 T: 97 98 81 82 67 68 51 52 37 38 21 22 23 24 41 42 57 58 75 76 91 92 109 110 125 126 143 144 159 160 D: 7 W: 7 end
7 11 T: 97 98 99 100 115 116 133 134 149 150 167 168 183 184 201 202 217 218 235 236 237 238 221 222 207 208 191 192 D: 81 W: 2 end
7 12 T: 97 98 81 82 67 68 51 52 37 38 39 40 55 56 73 74 89 90 107 108 123 124 141 142 157 158 175 176 191 192 D: 21 W: 6 end
7 13 T: 97 98 81 82 83 84 101 102 117 118 135 136 151 152 169 170 185 186 203 204 219 220 237 238 239 240 223 224 D: 67 W: 3 end
7 14 T: 97 98 81 82 67 68 51 52 53 54 71 72 87 88 105 106 121 122 139 140 155 156 173 174 189 190 207 208 223 224 D: 37 W: 5 end
7 15 T: 97 98 81 82 67 68 69 70 85 86 103 104 119 120 137 138 153 154 171 172 187 188 205 206 221 222 239 240 D: 51 W: 4 end
8 0 T: 129 130 145 146 163 164 165 166 149 150 135 136 119 120 105 106 89 90 75 76 59 60 45 46 29 30 15 16 D: 179 W: 4 end
8 1 T: 129 130 145 146 163 164 179 180 181 182 167 168 151 152 137 138 121 122 107 108 91 92 77 78 61 62 47 48 31 32 D: 197 W: 5 end
8 2 T: 129 130 145 146 147 148 133 134 117 118 103 104 87 88 73 74 57 58 43 44 27 28 13 14 15 16 31 32 D: 163 W: 3 end
8 3 T: 129 130 145 146 163 164 179 180 197 198 199 200 183 184 169 170 153 154 139 140 123 124 109 110 93 94 79 80 63 64 D: 213 W: 6 end
8 4 T: 129 130 131 132 115 116 101 102 85 86 71 72 55 56 41 42 25 26 11 12 13 14 29 30 47 48 63 64 D: 145 W: 2 end
8 5 T: 129 130 145 146 163 164 179 180 197 198 213 214 215 216 201 202 185 186 171 172 155 156 141 142 125 126 111 112 95 96 D: 231 W: 7 end
8 6 T: 113 114 99 100 83 84 69 70 53 54 39 40 23 24 9 10 11 12 27 28 45 46 61 62 79 80 95 96 D: 129 W: 1 end
8 8 T: 129 130 145 146 163 164 179 180 197 198 213 214 231 232 233 234 217 218 203 204 187 188 173 174 157 158 143 144 D: 127 W: 16 end
8 9 T: 129 130 145 146 163 164 179 180 197 198 213 214 231 232 235 236 219 220 205 206 189 190 175 176 159 160 D: 233 W: 9 end
8 10 T: 129 130 145 146 163 164 179 180 197 198 213 214 231 232 233 234 217 218 203 204 187 188 173 174 157 158 159 160 D: 143 W: 15 end
8 11 T: 129 130 145 146 163 164 179 180 197 198 213 214 231 232 233 234 235 236 237 238 221 222 207 208 191 192 D: 217 W: 10 end
8 12 T: 129 130 145 146 163 164 179 180 197 198 213 214 231 232 233 234 217 218 203 204 187 188 173 174 175 176 191 192 D: 157 W: 14 end
8 13 T: 129 130 145 146 163 164 179 180 197 198 213 214 231 232 233 234 217 218 219 220 237 238 239 240 223 224 D: 203 W: 11 end
8 14 T: 129 130 145 146 163 164 179 180 197 198 213 214 231 232 233 234 217 218 203 204 187 188 189 190 207 208 223 224 D: 173 W: 13 end
8 15 T: 129 130 145 146 163 164 179 180 197 198 213 214 231 232 233 234 217 218 203 204 205 206 221 222 239 240 D: 187 W: 12 end
9 0 T: 129 130 113 114 99 100 83 84 69 70 53 54 39 40 23 24 9 10 11 12 27 28 29 30 15 16 D: 45 W: 13 end
9 1 T: 129 130 113 114 99 100 83 84 69 70 53 54 39 40 23 24 9 10 11 12 27 28 45 46 47 48 31 32 D: 61 W: 14 end
9 2 T: 129 130 113 114 99 100 83 84 69 70 53 54 39 40 23 24 9 10 11 12 13 14 15 16 31 32 D: 27 W: 12 end
9 3 T: 129 130 113 114 99 100 83 84 69 70 53 54 39 40 23 24 9 10 11 12 27 28 45 46 61 62 63 64 D: 79 W: 15 end
9 4 T: 129 130 113 114 99 100 83 84 69 70 53 54 39 40 23 24 9 10 13 14 29 30 47 48 63 64 D: 11 W: 11 end
9 5 T: 129 130 113 114 99 100 83 84 69 70 53 54 39 40 23 24 9 10 11 12 27 28 45 46 61 62 79 80 D: 95 W: 16 end
9 7 T: 145 146 163 164 179 180 197 198 213 214 231 232 233 234 217 218 203 204 187 188 173 174 157 158 143 144 127 128 D: 129 W: 1 end
9 8 T: 129 130 113 114 99 100 83 84 69 70 53 54 39 40 23 24 25 26 43 44 59 60 77 78 93 94 111 112 127 128 D: 9 W: 9 end
9 9 T: 129 130 131 132 147 148 165 166 181 182 199 200 215 216 233 234 235 236 219 220 205 206 189 190 175 176 159 160 D: 113 W: 2 end
9 10 T: 129 130 113 114 99 100 83 84 69 70 53 54 39 40 41 42 57 58 75 76 91 92 109 110 125 126 143 144 159 160 D: 23 W: 8 end
9 11 T: 129 130 113 114 115 116 133 134 149 150 167 168 183 184 201 202 217 218 235 236 237 238 221 222 207 208 191 192 D: 99 W: 3 end
9 12 T: 129 130 113 114 99 100 83 84 69 70 53 54 55 56 73 74 89 90 107 108 123 124 141 142 157 158 175 176 191 192 D: 39 W: 7 end
9 13 T: 129 130 113 114 99 100 101 102 117 118 135 136 151 152 169 170 185 186 203 204 219 220 237 238 239 240 223 224 D: 83 W: 4 end
9 14 T: 129 130 113 114 99 100 83 84 69 70 71 72 87 88 105 106 121 122 139 140 155 156 173 174 189 190 207 208 223 224 D: 53 W: 6 end
9 15 T: 129 130 113 114 99 100 83 84 85 86 103 104 119 120 137 138 153 154 171 172 187 188 205 206 221 222 239 240 D: 69 W: 5 end
10 0 T: 161 162 177 178 179 180 165 166 149 150 135 136 119 120 105 106 89 90 75 76 59 60 45 46 29 30 15 16 D: 195 W: 3 end
10 1 T: 161 162 177 178 195 196 197 198 181 182 167 168 151 152 137 138 121 122 107 108 91 92 77 78 61 62 47 48 31 32 D: 211 W: 4 end
10 2 T: 161 162 163 164 147 148 133 134 117 118 103 104 87 88 73 74 57 58 43 44 27 28 13 14 15 16 31 32 D: 177 W: 2 end
10 3 T: 161 162 177 178 195 196 211 212 213 214 199 200 183 184 169 170 153 154 139 140 123 124 109 110 93 94 79 80 63 64 D: 229 W: 5 end
10 4 T: 145 146 131 132 115 116 101 102 85 86 71 72 55 56 41 42 25 26 11 12 13 14 29 30 47 48 63 64 D: 161 W: 1 end
10 6 T: 161 162 177 178 195 196 211 212 229 230 231 232 215 216 201 202 185 186 171 172 155 156 141 142 125 126 111 112 D: 95 W: 16 end
10 7 T: 161 162 177 178 195 196 211 212 229 230 233 234 217 218 203 204 187 188 173 174 157 158 143 144 127 128 D: 231 W: 7 end
10 8 T: 161 162 177 178 195 196 211 212 229 230 231 232 215 216 201 202 185 186 171 172 155 156 141 142 125 126 127 128 D: 111 W: 15 end
10 9 T: 161 162 177 178 195 196 211 212 229 230 231 232 233 234 235 236 219 220 205 206 189 190 175 176 159 160 D: 215 W: 8 end
10 10 T: 161 162 177 178 195 196 211 212 229 230 231 232 215 216 201 202 185 186 171 172 155 156 141 142 143 144 159 160 D: 125 W: 14 end
10 11 T: 161 162 177 178 195 196 211 212 229 230 231 232 215 216 217 218 235 236 237 238 221 222 207 208 191 192 D: 201 W: 9 end
10 12 T: 161 162 177 178 195 196 211 212 229 230 231 232 215 216 201 202 185 186 171 172 155 156 157 158 175 176 191 192 D: 141 W: 13 end
10 13 T: 161 162 177 178 195 196 211 212 229 230 231 232 215 216 201 202 203 204 219 220 237 238 239 240 223 224 D: 185 W: 10 end
10 14 T: 161 162 177 178 195 196 211 212 229 230 231 232 215 216 201 202 185 186 171 172 173 174 189 190 207 208 223 224 D: 155 W: 12 end
10 15 T: 161 162 177 178 195 196 211 212 229 230 231 232 215 216 201 202 185 186 187 188 205 206 221 222 239 240 D: 171 W: 11 end
11 0 T: 161 162 145 146 131 132 115 116 101 102 85 86 71 72 55 56 41 42 25 26 11 12 13 14 15 16 D: 29 W: 14 end
11 1 T: 161 162 145 146 131 132 115 116 101 102 85 86 71 72 55 56 41 42 25 26 11 12 13 14 29 30 31 32 D: 47 W: 15 end
11 2 T: 161 162 145 146 131 132 115 116 101 102 85 86 71 72 55 56 41 42 25 26 11 12 15 16 31 32 D: 13 W: 13 end
11 3 T: 161 162 145 146 131 132 115 116 101 102 85 86 71 72 55 56 41 42 25 26 11 12 13 14 29 30 47 48 D: 63 W: 16 end
11 5 T: 177 178 195 196 211 212 229 230 231 232 215 216 201 202 185 186 171 172 155 156 141 142 125 126 111 112 95 96 D: 161 W: 1 end
11 6 T: 161 162 145 146 131 132 115 116 101 102 85 86 71 72 55 56 41 42 25 26 27 28 45 46 61 62 79 80 95 96 D: 11 W: 11 end
11 7 T: 161 162 163 164 179 180 197 198 213 214 231 232 233 234 217 218 203 204 187 188 173 174 157 158 143 144 127 128 D: 145 W: 2 end
11 8 T: 161 162 145 146 131 132 115 116 101 102 85 86 71 72 55 56 41 42 43 44 59 60 77 78 93 94 111 112 127 128 D: 25 W: 10 end
11 9 T: 161 162 145 146 147 148 165 166 181 182 199 200 215 216 233 234 235 236 219 220 205 206 189 190 175 176 159 160 D: 131 W: 3 end
11 10 T: 161 162 145 146 131 132 115 116 101 102 85 86 71 72 55 56 57 58 75 76 91 92 109 110 125 126 143 144 159 160 D: 41 W: 9 end
11 11 T: 161 162 145 146 131 132 133 134 149 150 167 168 183 184 201 202 217 218 235 236 237 238 221 222 207 208 191 192 D: 115 W: 4 end
11 12 T: 161 162 145 146 131 132 115 116 101 102 85 86 71 72 73 74 89 90 107 108 123 124 141 142 157 158 175 176 191 192 D: 55 W: 8 end
11 13 T: 161 162 145 146 131 132 115 116 117 118 135 136 151 152 169 170 185 186 203 204 219 220 237 238 239 240 223 224 D: 101 W: 5 end
11 14 T: 161 162 145 146 131 132 115 116 101 102 85 86 87 88 105 106 121 122 139 140 155 156 173 174 189 190 207 208 223 224 D: 71 W: 7 end
11 15 T: 161 162 145 146 131 132 115 116 101 102 103 104 119 120 137 138 153 154 171 172 187 188 205 206 221 222 239 240 D: 85 W: 6 end
12 0 T: 193 194 195 196 179 180 165 166 149 150 135 136 119 120 105 106 89 90 75 76 59 60 45 46 29 30 15 16 D: 209 W: 2 end
12 1 T: 193 194 209 210 211 212 197 198 181 182 167 168 151 152 137 138 121 122 107 108 91 92 77 78 61 62 47 48 31 32 D: 227 W: 3 end
12 2 T: 177 178 163 164 147 148 133 134 117 118 103 104 87 88 73 74 57 58 43 44 27 28 13 14 15 16 31 32 D: 193 W: 1 end
12 4 T: 193 194 209 210 227 228 229 230 213 214 199 200 183 184 169 170 153 154 139 140 123 124 109 110 93 94 79 80 D: 63 W: 16 end
12 5 T: 193 194 209 210 227 228 231 232 215 216 201 202 185 186 171 172 155 156 141 142 125 126 111 112 95 96 D: 229 W: 5 end
12 6 T: 193 194 209 210 227 228 229 230 213 214 199 200 183 184 169 170 153 154 139 140 123 124 109 110 93 94 95 96 D: 79 W: 15 end
12 7 T: 193 194 209 210 227 228 229 230 231 232 233 234 217 218 203 204 187 188 173 174 157 158 143 144 127 128 D: 213 W: 6 end
12 8 T: 193 194 209 210 227 228 229 230 213 214 199 200 183 184 169 170 153 154 139 140 123 124 109 110 111 112 127 128 D: 93 W: 14 end
12 9 T: 193 194 209 210 227 228 229 230 213 214 215 216 233 234 235 236 219 220 205 206 189 190 175 176 159 160 D: 199 W: 7 end
12 10 T: 193 194 209 210 227 228 229 230 213 214 199 200 183 184 169 170 153 154 139 140 123 124 125 126 143 144 159 160 D: 109 W: 13 end
12 11 T: 193 194 209 210 227 228 229 230 213 214 199 200 201 202 217 218 235 236 237 238 221 222 207 208 191 192 D: 183 W: 8 end
12 12 T: 193 194 209 210 227 228 229 230 213 214 199 200 183 184 169 170 153 154 139 140 141 142 157 158 175 176 191 192 D: 123 W: 12 end
12 13 T: 193 194 209 210 227 228 229 230 213 214 199 200 183 184 185 186 203 204 219 220 237 238 239 240 223 224 D: 169 W: 9 end
12 14 T: 193 194 209 210 227 228 229 230 213 214 199 200 183 184 169 170 153 154 155 156 173 174 189 190 207 208 223 224 D: 139 W: 11 end
12 15 T: 193 194 209 210 227 228 229 230 213 214 199 200 183 184 169 170 171 172 187 188 205 206 221 222 239 240 D: 153 W: 10 end
13 0 T: 193 194 177 178 163 164 147 148 133 134 117 118 103 104 87 88 73 74 57 58 43 44 27 28 13 14 D: 15 W: 15 end
13 1 T: 193 194 177 178 163 164 147 148 133 134 117 118 103 104 87 88 73 74 57 58 43 44 27 28 13 14 15 16 D: 31 W: 16 end
13 3 T: 209 210 227 228 229 230 213 214 199 200 183 184 169 170 153 154 139 140 123 124 109 110 93 94 79 80 63 64 D: 193 W: 1 end
13 4 T: 193 194 177 178 163 164 147 148 133 134 117 118 103 104 87 88 73 74 57 58 43 44 27 28 29 30 47 48 63 64 D: 13 W: 13 end
13 5 T: 193 194 195 196 211 212 229 230 231 232 215 216 201 202 185 186 171 172 155 156 141 142 125 126 111 112 95 96 D: 177 W: 2 end
13 6 T: 193 194 177 178 163 164 147 148 133 134 117 118 103 104 87 88 73 74 57 58 43 44 45 46 61 62 79 80 95 96 D: 27 W: 12 end
13 7 T: 193 194 177 178 179 180 197 198 213 214 231 232 233 234 217 218 203 204 187 188 173 174 157 158 143 144 127 128 D: 163 W: 3 end
13 8 T: 193 194 177 178 163 164 147 148 133 134 117 118 103 104 87 88 73 74 57 58 59 60 77 78 93 94 111 112 127 128 D: 43 W: 11 end
13 9 T: 193 194 177 178 163 164 165 166 181 182 199 200 215 216 233 234 235 236 219 220 205 206 189 190 175 176 159 160 D: 147 W: 4 end
13 10 T: 193 194 177 178 163 164 147 148 133 134 117 118 103 104 87 88 73 74 75 76 91 92 109 110 125 126 143 144 159 160 D: 57 W: 10 end
13 11 T: 193 194 177 178 163 164 147 148 149 150 167 168 183 184 201 202 217 218 235 236 237 238 221 222 207 208 191 192 D: 133 W: 5 end
13 12 T: 193 194 177 178 163 164 147 148 133 134 117 118 103 104 87 88 89 90 107 108 123 124 141 142 157 158 175 176 191 192 D: 73 W: 9 end
13 13 T: 193 194 177 178 163 164 147 148 133 134 135 136 151 152 169 170 185 186 203 204 219 220 237 238 239 240 223 224 D: 117 W: 6 end
13 14 T: 193 194 177 178 163 164 147 148 133 134 117 118 103 104 105 106 121 122 139 140 155 156 173 174 189 190 207 208 223 224 D: 87 W: 8 end
13 15 T: 193 194 177 178 163 164 147 148 133 134 117 118 119 120 137 138 153 154 171 172 187 188 205 206 221 222 239 240 D: 103 W: 7 end
14 0 T: 209 210 195 196 179 180 165 166 149 150 135 136 119 120 105 106 89 90 75 76 59 60 45 46 29 30 15 16 D: 225 W: 1 end
14 2 T: 225 226 227 228 211 212 197 198 181 182 167 168 151 152 137 138 121 122 107 108 91 92 77 78 61 62 47 48 D: 31 W: 16 end
14 3 T: 225 226 229 230 213 214 199 200 183 184 169 170 153 154 139 140 123 124 109 110 93 94 79 80 63 64 D: 227 W: 3 end
14 4 T: 225 226 227 228 211 212 197 198 181 182 167 168 151 152 137 138 121 122 107 108 91 92 77 78 61 62 63 64 D: 47 W: 15 end
14 5 T: 225 226 227 228 229 230 231 232 215 216 201 202 185 186 171 172 155 156 141 142 125 126 111 112 95 96 D: 211 W: 4 end
14 6 T: 225 226 227 228 211 212 197 198 181 182 167 168 151 152 137 138 121 122 107 108 91 92 77 78 79 80 95 96 D: 61 W: 14 end
14 7 T: 225 226 227 228 211 212 213 214 231 232 233 234 217 218 203 204 187 188 173 174 157 158 143 144 127 128 D: 197 W: 5 end
14 8 T: 225 226 227 228 211 212 197 198 181 182 167 168 151 152 137 138 121 122 107 108 91 92 93 94 111 112 127 128 D: 77 W: 13 end
14 9 T: 225 226 227 228 211 212 197 198 199 200 215 216 233 234 235 236 219 220 205 206 189 190 175 176 159 160 D: 181 W: 6 end
14 10 T: 225 226 227 228 211 212 197 198 181 182 167 168 151 152 137 138 121 122 107 108 109 110 125 126 143 144 159 160 D: 91 W: 12 end
14 11 T: 225 226 227 228 211 212 197 198 181 182 183 184 201 202 217 218 235 236 237 238 221 222 207 208 191 192 D: 167 W: 7 end
14 12 T: 225 226 227 228 211 212 197 198 181 182 167 168 151 152 137 138 121 122 123 124 141 142 157 158 175 176 191 192 D: 107 W: 11 end
14 13 T: 225 226 227 228 211 212 197 198 181 182 167 168 169 170 185 186 203 204 219 220 237 238 239 240 223 224 D: 151 W: 8 end
14 14 T: 225 226 227 228 211 212 197 198 181 182 167 168 151 152 137 138 139 140 155 156 173 174 189 190 207 208 223 224 D: 121 W: 10 end
14 15 T: 225 226 227 228 211 212 197 198 181 182 167 168 151 152 153 154 171 172 187 188 205 206 221 222 239 240 D: 137 W: 9 end
15 1 T: 227 228 211 212 197 198 181 182 167 168 151 152 137 138 121 122 107 108 91 92 77 78 61 62 47 48 31 32 D: 225 W: 1 end
15 2 T: 225 226 209 210 195 196 179 180 165 166 149 150 135 136 119 120 105 106 89 90 75 76 59 60 45 46 29 30 31 32 D: 15 W: 15 end
15 3 T: 225 226 227 228 229 230 213 214 199 200 183 184 169 170 153 154 139 140 123 124 109 110 93 94 79 80 63 64 D: 209 W: 2 end
15 4 T: 225 226 209 210 195 196 179 180 165 166 149 150 135 136 119 120 105 106 89 90 75 76 59 60 45 46 47 48 63 64 D: 29 W: 14 end
15 5 T: 225 226 209 210 211 212 229 230 231 232 215 216 201 202 185 186 171 172 155 156 141 142 125 126 111 112 95 96 D: 195 W: 3 end
15 6 T: 225 226 209 210 195 196 179 180 165 166 149 150 135 136 119 120 105 106 89 90 75 76 59 60 61 62 79 80 95 96 D: 45 W: 13 end
15 7 T: 225 226 209 210 195 196 197 198 213 214 231 232 233 234 217 218 203 204 187 188 173 174 157 158 143 144 127 128 D: 179 W: 4 end
15 8 T: 225 226 209 210 195 196 179 180 165 166 149 150 135 136 119 120 105 106 89 90 75 76 77 78 93 94 111 112 127 128 D: 59 W: 12 end
15 9 T: 225 226 209 210 195 196 179 180 181 182 199 200 215 216 233 234 235 236 219 220 205 206 189 190 175 176 159 160 D: 165 W: 5 end
15 10 T: 225 226 209 210 195 196 179 180 165 166 149 150 135 136 119 120 105 106 89 90 91 92 109 110 125 126 143 144 159 160 D: 75 W: 11 end
15 11 T: 225 226 209 210 195 196 179 180 165 166 167 168 183 184 201 202 217 218 235 236 237 238 221 222 207 208 191 192 D: 149 W: 6 end
15 12 T: 225 226 209 210 195 196 179 180 165 166 149 150 135 136 119 120 105 106 107 108 123 124 141 142 157 158 175 176 191 192 D: 89 W: 10 end
15 13 T: 225 226 209 210 195 196 179 180 165 166 149 150 151 152 169 170 185 186 203 204 219 220 237 238 239 240 223 224 D: 135 W: 7 end
15 14 T: 225 226 209 210 195 196 179 180 165 166 149 150 135 136 119 120 121 122 139 140 155 156 173 174 189 190 207 208 223 224 D: 105 W: 9 end
15 15 T: 225 226 209 210 195 196 179 180 165 166 149 150 135 136 137 138 153 154 171 172 187 188 205 206 221 222 239 240 D: 119 W: 8 end