Path:
0 0 T: 1 2 17 18 35 36 51 52 69 70 85 86 103 104 105 106 89 90 75 76 59 60 45 46 29 30 15 16 D: 119 W: 8 end
0 1 T: 1 2 17 18 35 36 51 52 69 70 85 86 103 104 119 120 121 122 107 108 91 92 77 78 61 62 47 48 31 32 D: 137 W: 9 end
0 2 T: 1 2 17 18 35 36 51 52 69 70 85 86 87 88 73 74 57 58 43 44 27 28 13 14 15 16 31 32 D: 103 W: 7 end
0 3 T: 1 2 17 18 35 36 51 52 69 70 85 86 103 104 119 120 137 138 139 140 123 124 109 110 93 94 79 80 63 64 D: 153 W: 10 end
1 0 T: 1 2 3 4 19 20 37 38 53 54 71 72 87 88 89 90 75 76 59 60 45 46 29 30 15 16 D: 105 W: 9 end
1 1 T: 1 2 3 4 19 20 37 38 53 54 71 72 87 88 105 106 107 108 91 92 77 78 61 62 47 48 31 32 D: 121 W: 10 end
1 2 T: 1 2 3 4 19 20 37 38 53 54 71 72 73 74 57 58 43 44 27 28 13 14 15 16 31 32 D: 87 W: 8 end
1 3 T: 1 2 3 4 19 20 37 38 53 54 71 72 87 88 105 106 121 122 123 124 109 110 93 94 79 80 63 64 D: 139 W: 11 end
2 0 T: 33 34 49 50 67 68 83 84 101 102 117 118 119 120 105 106 89 90 75 76 59 60 45 46 29 30 15 16 D: 135 W: 7 end
2 1 T: 33 34 49 50 67 68 83 84 101 102 117 118 135 136 137 138 121 122 107 108 91 92 77 78 61 62 47 48 31 32 D: 151 W: 8 end
2 2 T: 33 34 49 50 67 68 83 84 101 102 103 104 87 88 73 74 57 58 43 44 27 28 13 14 15 16 31 32 D: 117 W: 6 end
2 3 T: 33 34 49 50 67 68 83 84 101 102 117 118 135 136 151 152 153 154 139 140 123 124 109 110 93 94 79 80 63 64 D: 169 W: 9 end
3 0 T: 33 34 17 18 3 4 5 6 21 22 39 40 55 56 73 74 75 76 59 60 45 46 29 30 15 16 D: 89 W: 10 end
3 1 T: 33 34 17 18 3 4 5 6 21 22 39 40 55 56 73 74 89 90 91 92 77 78 61 62 47 48 31 32 D: 107 W: 11 end
3 2 T: 33 34 17 18 3 4 5 6 21 22 39 40 55 56 57 58 43 44 27 28 13 14 15 16 31 32 D: 73 W: 9 end
3 3 T: 33 34 17 18 3 4 5 6 21 22 39 40 55 56 73 74 89 90 107 108 109 110 93 94 79 80 63 64 D: 123 W: 12 end