Path:
0 1 T: 1 3 29 31 53 55 73 75 89 91 101 103 6 8 34 36 58 60 78 80 94 96 106 108 109 112 D: 111 W: 14 end
0 2 T: 1 3 29 31 53 55 73 75 89 91 10 12 38 40 62 64 82 84 98 100 101 104 107 108 D: 103 W: 12 end
0 3 T: 1 3 29 31 53 55 73 75 14 16 42 44 66 68 86 88 89 92 95 96 99 100 D: 91 W: 10 end
0 4 T: 1 3 29 31 53 55 18 20 46 48 70 72 73 76 79 80 83 84 87 88 D: 75 W: 8 end
0 5 T: 1 3 29 31 22 24 50 52 53 56 59 60 63 64 67 68 71 72 D: 55 W: 6 end
0 6 T: 1 3 26 28 29 32 35 36 39 40 43 44 47 48 51 52 D: 31 W: 4 end
0 7 T: 1 4 7 8 11 12 15 16 19 20 23 24 27 28 D: 3 W: 2 end
1 0 T: 5 7 2 4 33 35 30 32 57 59 54 56 77 79 74 76 93 95 90 92 105 107 102 104 D: 110 W: 14 end
1 2 T: 5 7 33 35 57 59 77 79 93 95 10 12 38 40 62 64 82 84 98 100 105 108 D: 107 W: 10 end
1 3 T: 5 7 33 35 57 59 77 79 14 16 42 44 66 68 86 88 93 96 99 100 D: 95 W: 8 end
1 4 T: 5 7 33 35 57 59 18 20 46 48 70 72 77 80 83 84 87 88 D: 79 W: 6 end
1 5 T: 5 7 33 35 22 24 50 52 57 60 63 64 67 68 71 72 D: 59 W: 4 end
1 6 T: 5 7 26 28 33 36 39 40 43 44 47 48 51 52 D: 35 W: 2 end
1 7 T: 5 8 11 12 15 16 19 20 23 24 27 28 D: 7 W: 16 end
2 0 T: 9 11 2 4 37 39 30 32 61 63 54 56 81 83 74 76 97 99 90 92 105 106 D: 102 W: 12 end
2 1 T: 9 11 6 8 37 39 34 36 61 63 58 60 81 83 78 80 97 99 94 96 D: 106 W: 10 end
2 3 T: 9 11 37 39 61 63 81 83 14 16 42 44 66 68 86 88 97 100 D: 99 W: 6 end
2 4 T: 9 11 37 39 61 63 18 20 46 48 70 72 81 84 87 88 D: 83 W: 4 end
2 5 T: 9 11 37 39 22 24 50 52 61 64 67 68 71 72 D: 63 W: 2 end
2 6 T: 9 11 26 28 37 40 43 44 47 48 51 52 D: 39 W: 16 end
2 7 T: 9 12 15 16 19 20 23 24 27 28 D: 11 W: 14 end
3 0 T: 13 15 2 4 41 43 30 32 65 67 54 56 85 87 74 76 93 94 97 98 D: 90 W: 10 end
3 1 T: 13 15 6 8 41 43 34 36 65 67 58 60 85 87 78 80 97 98 D: 94 W: 8 end
3 2 T: 13 15 10 12 41 43 38 40 65 67 62 64 85 87 82 84 D: 98 W: 6 end
3 4 T: 13 15 41 43 65 67 18 20 46 48 70 72 85 88 D: 87 W: 2 end
3 5 T: 13 15 41 43 22 24 50 52 65 68 71 72 D: 67 W: 16 end
3 6 T: 13 15 26 28 41 44 47 48 51 52 D: 43 W: 14 end
3 7 T: 13 16 19 20 23 24 27 28 D: 15 W: 12 end
4 0 T: 17 19 2 4 45 47 30 32 69 71 54 56 77 78 81 82 85 86 D: 74 W: 8 end
4 1 T: 17 19 6 8 45 47 34 36 69 71 58 60 81 82 85 86 D: 78 W: 6 end
4 2 T: 17 19 10 12 45 47 38 40 69 71 62 64 85 86 D: 82 W: 4 end
4 3 T: 17 19 14 16 45 47 42 44 69 71 66 68 D: 86 W: 2 end
4 5 T: 17 19 45 47 22 24 50 52 69 72 D: 71 W: 14 end
4 6 T: 17 19 26 28 45 48 51 52 D: 47 W: 12 end
4 7 T: 17 20 23 24 27 28 D: 19 W: 10 end
5 0 T: 21 23 2 4 49 51 30 32 57 58 61 62 65 66 69 70 D: 54 W: 6 end
5 1 T: 21 23 6 8 49 51 34 36 61 62 65 66 69 70 D: 58 W: 4 end
5 2 T: 21 23 10 12 49 51 38 40 65 66 69 70 D: 62 W: 2 end
5 3 T: 21 23 14 16 49 51 42 44 69 70 D: 66 W: 16 end
5 4 T: 21 23 18 20 49 51 46 48 D: 70 W: 14 end
5 6 T: 21 23 26 28 49 52 D: 51 W: 10 end
5 7 T: 21 24 27 28 D: 23 W: 8 end
6 0 T: 25 27 2 4 33 34 37 38 41 42 45 46 49 50 D: 30 W: 4 end
6 1 T: 25 27 6 8 37 38 41 42 45 46 49 50 D: 34 W: 2 end
6 2 T: 25 27 10 12 41 42 45 46 49 50 D: 38 W: 16 end
6 3 T: 25 27 14 16 45 46 49 50 D: 42 W: 14 end
6 4 T: 25 27 18 20 49 50 D: 46 W: 12 end
6 5 T: 25 27 22 24 D: 50 W: 10 end
6 7 T: 25 28 D: 27 W: 6 end
7 0 T: 5 6 9 10 13 14 17 18 21 22 25 26 D: 2 W: 2 end
7 1 T: 9 10 13 14 17 18 21 22 25 26 D: 6 W: 16 end
7 2 T: 13 14 17 18 21 22 25 26 D: 10 W: 14 end
7 3 T: 17 18 21 22 25 26 D: 14 W: 12 end
7 4 T: 21 22 25 26 D: 18 W: 10 end
7 5 T: 25 26 D: 22 W: 8 end
7 6 D: 26 W: 6 end
0 8 T: 1 3 29 31 53 55 73 75 89 91 101 103 109 111 W: 15 end
0 9 T: 1 3 29 31 53 55 73 75 89 91 101 103 D: 109 W: 13 end
0 10 T: 1 3 29 31 53 55 73 75 89 91 D: 101 W: 11 end
0 11 T: 1 3 29 31 53 55 73 75 D: 89 W: 9 end
0 12 T: 1 3 29 31 53 55 D: 73 W: 7 end
0 13 T: 1 3 29 31 D: 53 W: 5 end
0 14 T: 1 3 D: 29 W: 3 end
0 15 D: 1 W: 1 end
1 8 T: 5 7 33 35 57 59 77 79 93 95 105 107 110 111 D: 109 W: 13 end
1 9 T: 5 7 33 35 57 59 77 79 93 95 105 107 109 110 W: 11 end
1 10 T: 5 7 33 35 57 59 77 79 93 95 101 102 D: 105 W: 9 end
1 11 T: 5 7 33 35 57 59 77 79 89 90 D: 93 W: 7 end
1 12 T: 5 7 33 35 57 59 73 74 D: 77 W: 5 end
1 13 T: 5 7 33 35 53 54 D: 57 W: 3 end
1 14 T: 5 7 29 30 D: 33 W: 1 end
1 15 T: 1 2 D: 5 W: 15 end
2 8 T: 9 11 37 39 61 63 81 83 97 99 105 106 109 111 102 103 D: 101 W: 11 end
2 9 T: 9 11 37 39 61 63 81 83 97 99 109 110 106 107 D: 105 W: 9 end
2 10 T: 9 11 37 39 61 63 81 83 97 99 101 102 105 106 W: 7 end
2 11 T: 9 11 37 39 61 63 81 83 89 90 93 94 D: 97 W: 5 end
2 12 T: 9 11 37 39 61 63 73 74 77 78 D: 81 W: 3 end
2 13 T: 9 11 37 39 53 54 57 58 D: 61 W: 1 end
2 14 T: 9 11 29 30 33 34 D: 37 W: 15 end
2 15 T: 1 2 5 6 D: 9 W: 13 end
3 8 T: 13 15 41 43 65 67 85 87 93 94 109 111 97 98 101 103 90 91 D: 89 W: 9 end
3 9 T: 13 15 41 43 65 67 85 87 97 98 105 107 109 110 94 95 D: 93 W: 7 end
3 10 T: 13 15 41 43 65 67 85 87 101 102 105 106 98 99 D: 97 W: 5 end
3 11 T: 13 15 41 43 65 67 85 87 89 90 93 94 97 98 W: 3 end
3 12 T: 13 15 41 43 65 67 73 74 77 78 81 82 D: 85 W: 1 end
3 13 T: 13 15 41 43 53 54 57 58 61 62 D: 65 W: 15 end
3 14 T: 13 15 29 30 33 34 37 38 D: 41 W: 13 end
3 15 T: 1 2 5 6 9 10 D: 13 W: 11 end
4 8 T: 17 19 45 47 69 71 77 78 109 111 81 82 101 103 85 86 89 91 74 75 D: 73 W: 7 end
4 9 T: 17 19 45 47 69 71 81 82 105 107 85 86 93 95 109 110 78 79 D: 77 W: 5 end
4 10 T: 17 19 45 47 69 71 85 86 97 99 101 102 105 106 82 83 D: 81 W: 3 end
4 11 T: 17 19 45 47 69 71 89 90 93 94 97 98 86 87 D: 85 W: 1 end
4 12 T: 17 19 45 47 69 71 73 74 77 78 81 82 85 86 W: 15 end
4 13 T: 17 19 45 47 53 54 57 58 61 62 65 66 D: 69 W: 13 end
4 14 T: 17 19 29 30 33 34 37 38 41 42 D: 45 W: 11 end
4 15 T: 1 2 5 6 9 10 13 14 D: 17 W: 9 end
5 8 T: 21 23 49 51 57 58 109 111 61 62 101 103 65 66 89 91 69 70 73 75 54 55 D: 53 W: 5 end
5 9 T: 21 23 49 51 61 62 105 107 65 66 93 95 69 70 77 79 109 110 58 59 D: 57 W: 3 end
5 10 T: 21 23 49 51 65 66 97 99 69 70 81 83 101 102 105 106 62 63 D: 61 W: 1 end
5 11 T: 21 23 49 51 69 70 85 87 89 90 93 94 97 98 66 67 D: 65 W: 15 end
5 12 T: 21 23 49 51 73 74 77 78 81 82 85 86 70 71 D: 69 W: 13 end
5 13 T: 21 23 49 51 53 54 57 58 61 62 65 66 69 70 W: 11 end
5 14 T: 21 23 29 30 33 34 37 38 41 42 45 46 D: 49 W: 9 end
5 15 T: 1 2 5 6 9 10 13 14 17 18 D: 21 W: 7 end
6 8 T: 25 27 33 34 109 111 37 38 101 103 41 42 89 91 45 46 73 75 49 50 53 55 30 31 D: 29 W: 3 end
6 9 T: 25 27 37 38 105 107 41 42 93 95 45 46 77 79 49 50 57 59 109 110 34 35 D: 33 W: 1 end
6 10 T: 25 27 41 42 97 99 45 46 81 83 49 50 61 63 101 102 105 106 38 39 D: 37 W: 15 end
6 11 T: 25 27 45 46 85 87 49 50 65 67 89 90 93 94 97 98 42 43 D: 41 W: 13 end
6 12 T: 25 27 49 50 69 71 73 74 77 78 81 82 85 86 46 47 D: 45 W: 11 end
6 13 T: 25 27 53 54 57 58 61 62 65 66 69 70 50 51 D: 49 W: 9 end
6 14 T: 25 27 29 30 33 34 37 38 41 42 45 46 49 50 W: 7 end
6 15 T: 1 2 5 6 9 10 13 14 17 18 21 22 D: 25 W: 5 end
7 8 T: 5 6 109 111 9 10 101 103 13 14 89 91 17 18 73 75 21 22 53 55 25 26 29 31 2 3 D: 1 W: 1 end
7 9 T: 9 10 105 107 13 14 93 95 17 18 77 79 21 22 57 59 25 26 33 35 109 110 6 7 D: 5 W: 15 end
7 10 T: 13 14 97 99 17 18 81 83 21 22 61 63 25 26 37 39 101 102 105 106 10 11 D: 9 W: 13 end
7 11 T: 17 18 85 87 21 22 65 67 25 26 41 43 89 90 93 94 97 98 14 15 D: 13 W: 11 end
7 12 T: 21 22 69 71 25 26 45 47 73 74 77 78 81 82 85 86 18 19 D: 17 W: 9 end
7 13 T: 25 26 49 51 53 54 57 58 61 62 65 66 69 70 22 23 D: 21 W: 7 end
7 14 T: 29 30 33 34 37 38 41 42 45 46 49 50 26 27 D: 25 W: 5 end
7 15 T: 1 2 5 6 9 10 13 14 17 18 21 22 25 26 W: 3 end
8 0 T: 2 4 30 32 54 56 74 76 90 92 102 104 110 112 W: 15 end
8 1 T: 6 8 34 36 58 60 78 80 94 96 106 108 D: 112 W: 13 end
8 2 T: 10 12 38 40 62 64 82 84 98 100 107 108 110 112 D: 104 W: 11 end
8 3 T: 14 16 42 44 66 68 86 88 95 96 99 100 102 104 110 112 D: 92 W: 9 end
8 4 T: 18 20 46 48 70 72 79 80 83 84 87 88 90 92 102 104 110 112 D: 76 W: 7 end
8 5 T: 22 24 50 52 59 60 63 64 67 68 71 72 74 76 90 92 102 104 110 112 D: 56 W: 5 end
8 6 T: 26 28 35 36 39 40 43 44 47 48 51 52 54 56 74 76 90 92 102 104 110 112 D: 32 W: 3 end
8 7 T: 7 8 11 12 15 16 19 20 23 24 27 28 30 32 54 56 74 76 90 92 102 104 110 112 D: 4 W: 1 end
9 0 T: 2 4 30 32 54 56 74 76 90 92 102 104 110 111 D: 112 W: 13 end
9 1 T: 6 8 34 36 58 60 78 80 94 96 106 108 111 112 W: 11 end
9 2 T: 10 12 38 40 62 64 82 84 98 100 111 112 D: 108 W: 9 end
9 3 T: 14 16 42 44 66 68 86 88 99 100 106 108 111 112 D: 96 W: 7 end
9 4 T: 18 20 46 48 70 72 83 84 87 88 94 96 106 108 111 112 D: 80 W: 5 end
9 5 T: 22 24 50 52 63 64 67 68 71 72 78 80 94 96 106 108 111 112 D: 60 W: 3 end
9 6 T: 26 28 39 40 43 44 47 48 51 52 58 60 78 80 94 96 106 108 111 112 D: 36 W: 1 end
9 7 T: 11 12 15 16 19 20 23 24 27 28 34 36 58 60 78 80 94 96 106 108 111 112 D: 8 W: 15 end
10 0 T: 2 4 30 32 54 56 74 76 90 92 102 103 D: 104 W: 11 end
10 1 T: 6 8 34 36 58 60 78 80 94 96 103 104 106 107 D: 108 W: 9 end
10 2 T: 10 12 38 40 62 64 82 84 98 100 103 104 107 108 W: 7 end
10 3 T: 14 16 42 44 66 68 86 88 103 104 107 108 D: 100 W: 5 end
10 4 T: 18 20 46 48 70 72 87 88 98 100 103 104 107 108 D: 84 W: 3 end
10 5 T: 22 24 50 52 67 68 71 72 82 84 98 100 103 104 107 108 D: 64 W: 1 end
10 6 T: 26 28 43 44 47 48 51 52 62 64 82 84 98 100 103 104 107 108 D: 40 W: 15 end
10 7 T: 15 16 19 20 23 24 27 28 38 40 62 64 82 84 98 100 103 104 107 108 D: 12 W: 13 end
11 0 T: 2 4 30 32 54 56 74 76 90 91 D: 92 W: 9 end
11 1 T: 6 8 34 36 58 60 78 80 91 92 94 95 D: 96 W: 7 end
11 2 T: 10 12 38 40 62 64 82 84 91 92 95 96 98 99 D: 100 W: 5 end
11 3 T: 14 16 42 44 66 68 86 88 91 92 95 96 99 100 W: 3 end
11 4 T: 18 20 46 48 70 72 91 92 95 96 99 100 D: 88 W: 1 end
11 5 T: 22 24 50 52 71 72 86 88 91 92 95 96 99 100 D: 68 W: 15 end
11 6 T: 26 28 47 48 51 52 66 68 86 88 91 92 95 96 99 100 D: 44 W: 13 end
11 7 T: 19 20 23 24 27 28 42 44 66 68 86 88 91 92 95 96 99 100 D: 16 W: 11 end
12 0 T: 2 4 30 32 54 56 74 75 D: 76 W: 7 end
12 1 T: 6 8 34 36 58 60 75 76 78 79 D: 80 W: 5 end
12 2 T: 10 12 38 40 62 64 75 76 79 80 82 83 D: 84 W: 3 end
12 3 T: 14 16 42 44 66 68 75 76 79 80 83 84 86 87 D: 88 W: 1 end
12 4 T: 18 20 46 48 70 72 75 76 79 80 83 84 87 88 W: 15 end
12 5 T: 22 24 50 52 75 76 79 80 83 84 87 88 D: 72 W: 13 end
12 6 T: 26 28 51 52 70 72 75 76 79 80 83 84 87 88 D: 48 W: 11 end
12 7 T: 23 24 27 28 46 48 70 72 75 76 79 80 83 84 87 88 D: 20 W: 9 end
13 0 T: 2 4 30 32 54 55 D: 56 W: 5 end
13 1 T: 6 8 34 36 55 56 58 59 D: 60 W: 3 end
13 2 T: 10 12 38 40 55 56 59 60 62 63 D: 64 W: 1 end
13 3 T: 14 16 42 44 55 56 59 60 63 64 66 67 D: 68 W: 15 end
13 4 T: 18 20 46 48 55 56 59 60 63 64 67 68 70 71 D: 72 W: 13 end
13 5 T: 22 24 50 52 55 56 59 60 63 64 67 68 71 72 W: 11 end
13 6 T: 26 28 55 56 59 60 63 64 67 68 71 72 D: 52 W: 9 end
13 7 T: 27 28 50 52 55 56 59 60 63 64 67 68 71 72 D: 24 W: 7 end
14 0 T: 2 4 30 31 D: 32 W: 3 end
14 1 T: 6 8 31 32 34 35 D: 36 W: 1 end
14 2 T: 10 12 31 32 35 36 38 39 D: 40 W: 15 end
14 3 T: 14 16 31 32 35 36 39 40 42 43 D: 44 W: 13 end
14 4 T: 18 20 31 32 35 36 39 40 43 44 46 47 D: 48 W: 11 end
14 5 T: 22 24 31 32 35 36 39 40 43 44 47 48 50 51 D: 52 W: 9 end
14 6 T: 26 28 31 32 35 36 39 40 43 44 47 48 51 52 W: 7 end
14 7 T: 31 32 35 36 39 40 43 44 47 48 51 52 D: 28 W: 5 end
15 0 T: 2 3 D: 4 W: 1 end
15 1 T: 3 4 6 7 D: 8 W: 15 end
15 2 T: 3 4 7 8 10 11 D: 12 W: 13 end
15 3 T: 3 4 7 8 11 12 14 15 D: 16 W: 11 end
15 4 T: 3 4 7 8 11 12 15 16 18 19 D: 20 W: 9 end
15 5 T: 3 4 7 8 11 12 15 16 19 20 22 23 D: 24 W: 7 end
15 6 T: 3 4 7 8 11 12 15 16 19 20 23 24 26 27 D: 28 W: 5 end
15 7 T: 3 4 7 8 11 12 15 16 19 20 23 24 27 28 W: 3 end
8 9 T: 109 112 D: 110 W: 14 end
8 10 T: 110 112 101 104 D: 102 W: 12 end
8 11 T: 102 104 110 112 89 92 D: 90 W: 10 end
8 12 T: 90 92 102 104 110 112 73 76 D: 74 W: 8 end
8 13 T: 74 76 90 92 102 104 110 112 53 56 D: 54 W: 6 end
8 14 T: 54 56 74 76 90 92 102 104 110 112 29 32 D: 30 W: 4 end
8 15 T: 30 32 54 56 74 76 90 92 102 104 110 112 1 4 D: 2 W: 2 end
9 8 D: 111 W: 14 end
9 10 T: 111 112 101 102 105 108 D: 106 W: 10 end
9 11 T: 111 112 89 90 106 108 93 96 D: 94 W: 8 end
9 12 T: 111 112 73 74 94 96 106 108 77 80 D: 78 W: 6 end
9 13 T: 111 112 53 54 78 80 94 96 106 108 57 60 D: 58 W: 4 end
9 14 T: 111 112 29 30 58 60 78 80 94 96 106 108 33 36 D: 34 W: 2 end
9 15 T: 111 112 1 2 34 36 58 60 78 80 94 96 106 108 5 8 D: 6 W: 16 end
10 8 T: 109 111 D: 103 W: 12 end
10 9 T: 103 104 109 110 D: 107 W: 10 end
10 11 T: 103 104 89 90 107 108 93 94 97 100 D: 98 W: 6 end
10 12 T: 103 104 73 74 107 108 77 78 98 100 81 84 D: 82 W: 4 end
10 13 T: 103 104 53 54 107 108 57 58 82 84 98 100 61 64 D: 62 W: 2 end
10 14 T: 103 104 29 30 107 108 33 34 62 64 82 84 98 100 37 40 D: 38 W: 16 end
10 15 T: 103 104 1 2 107 108 5 6 38 40 62 64 82 84 98 100 9 12 D: 10 W: 14 end
11 8 T: 101 103 109 111 D: 91 W: 10 end
11 9 T: 91 92 109 110 105 107 D: 95 W: 8 end
11 10 T: 91 92 101 102 95 96 105 106 D: 99 W: 6 end
11 12 T: 91 92 73 74 95 96 77 78 99 100 81 82 85 88 D: 86 W: 2 end
11 13 T: 91 92 53 54 95 96 57 58 99 100 61 62 86 88 65 68 D: 66 W: 16 end
11 14 T: 91 92 29 30 95 96 33 34 99 100 37 38 66 68 86 88 41 44 D: 42 W: 14 end
11 15 T: 91 92 1 2 95 96 5 6 99 100 9 10 42 44 66 68 86 88 13 16 D: 14 W: 12 end
12 8 T: 89 91 101 103 109 111 D: 75 W: 8 end
12 9 T: 75 76 109 110 93 95 105 107 D: 79 W: 6 end
12 10 T: 75 76 101 102 79 80 105 106 97 99 D: 83 W: 4 end
12 11 T: 75 76 89 90 79 80 93 94 83 84 97 98 D: 87 W: 2 end
12 13 T: 75 76 53 54 79 80 57 58 83 84 61 62 87 88 65 66 69 72 D: 70 W: 14 end
12 14 T: 75 76 29 30 79 80 33 34 83 84 37 38 87 88 41 42 70 72 45 48 D: 46 W: 12 end
12 15 T: 75 76 1 2 79 80 5 6 83 84 9 10 87 88 13 14 46 48 70 72 17 20 D: 18 W: 10 end
13 8 T: 73 75 89 91 101 103 109 111 D: 55 W: 6 end
13 9 T: 55 56 109 110 77 79 93 95 105 107 D: 59 W: 4 end
13 10 T: 55 56 101 102 59 60 105 106 81 83 97 99 D: 63 W: 2 end
13 11 T: 55 56 89 90 59 60 93 94 63 64 97 98 85 87 D: 67 W: 16 end
13 12 T: 55 56 73 74 59 60 77 78 63 64 81 82 67 68 85 86 D: 71 W: 14 end
13 14 T: 55 56 29 30 59 60 33 34 63 64 37 38 67 68 41 42 71 72 45 46 49 52 D: 50 W: 10 end
13 15 T: 55 56 1 2 59 60 5 6 63 64 9 10 67 68 13 14 71 72 17 18 50 52 21 24 D: 22 W: 8 end
14 8 T: 53 55 73 75 89 91 101 103 109 111 D: 31 W: 4 end
14 9 T: 31 32 109 110 57 59 77 79 93 95 105 107 D: 35 W: 2 end
14 10 T: 31 32 101 102 35 36 105 106 61 63 81 83 97 99 D: 39 W: 16 end
14 11 T: 31 32 89 90 35 36 93 94 39 40 97 98 65 67 85 87 D: 43 W: 14 end
14 12 T: 31 32 73 74 35 36 77 78 39 40 81 82 43 44 85 86 69 71 D: 47 W: 12 end
14 13 T: 31 32 53 54 35 36 57 58 39 40 61 62 43 44 65 66 47 48 69 70 D: 51 W: 10 end
14 15 T: 31 32 1 2 35 36 5 6 39 40 9 10 43 44 13 14 47 48 17 18 51 52 21 22 25 28 D: 26 W: 6 end
15 8 T: 29 31 53 55 73 75 89 91 101 103 109 111 D: 3 W: 2 end
15 9 T: 3 4 109 110 33 35 57 59 77 79 93 95 105 107 D: 7 W: 16 end
15 10 T: 3 4 101 102 7 8 105 106 37 39 61 63 81 83 97 99 D: 11 W: 14 end
15 11 T: 3 4 89 90 7 8 93 94 11 12 97 98 41 43 65 67 85 87 D: 15 W: 12 end
15 12 T: 3 4 73 74 7 8 77 78 11 12 81 82 15 16 85 86 45 47 69 71 D: 19 W: 10 end
15 13 T: 3 4 53 54 7 8 57 58 11 12 61 62 15 16 65 66 19 20 69 70 49 51 D: 23 W: 8 end
15 14 T: 3 4 29 30 7 8 33 34 11 12 37 38 15 16 41 42 19 20 45 46 23 24 49 50 D: 27 W: 6 end