Path:
0 0 D: 1 W: 1 end
0 1 T: 1 2 D: 31 W: 2 end
0 2 T: 1 2 31 32 D: 59 W: 3 end
0 3 T: 1 2 31 32 59 60 D: 85 W: 4 end
0 4 T: 1 2 31 32 59 60 85 86 D: 109 W: 5 end
0 5 T: 1 2 31 32 59 60 85 86 109 110 D: 131 W: 6 end
0 6 T: 1 2 31 32 59 60 85 86 109 110 131 132 D: 151 W: 7 end
0 7 T: 1 2 31 32 59 60 85 86 109 110 131 132 151 152 D: 169 W: 8 end
0 8 T: 1 2 31 32 59 60 85 86 109 110 131 132 151 152 169 170 D: 185 W: 9 end
0 9 T: 1 2 31 32 59 60 85 86 109 110 131 132 151 152 169 170 185 186 D: 199 W: 10 end
0 10 T: 1 2 31 32 59 60 85 86 109 110 131 132 151 152 169 170 185 186 199 200 D: 211 W: 11 end
0 11 T: 1 2 31 32 59 60 85 86 109 110 131 132 151 152 169 170 185 186 199 200 211 212 D: 221 W: 12 end
0 12 T: 1 2 31 32 59 60 85 86 109 110 131 132 151 152 169 170 185 186 199 200 211 212 221 222 D: 229 W: 13 end
0 13 T: 1 2 31 32 59 60 85 86 109 110 131 132 151 152 169 170 185 186 199 200 211 212 221 222 229 230 D: 235 W: 14 end
0 14 T: 1 2 31 32 59 60 85 86 109 110 131 132 151 152 169 170 185 186 199 200 211 212 221 222 229 230 235 236 D: 239 W: 15 end
0 15 T: 1 2 31 32 59 60 85 86 109 110 131 132 151 152 169 170 185 186 199 200 211 212 221 222 229 230 235 236 239 240 W: 16 end
1 0 T: 1 2 D: 3 W: 16 end
1 1 T: 3 4 31 32 D: 33 W: 1 end
1 2 T: 3 4 33 34 59 60 D: 61 W: 2 end
1 3 T: 3 4 33 34 61 62 85 86 D: 87 W: 3 end
1 4 T: 3 4 33 34 61 62 87 88 109 110 D: 111 W: 4 end
1 5 T: 3 4 33 34 61 62 87 88 111 112 131 132 D: 133 W: 5 end
1 6 T: 3 4 33 34 61 62 87 88 111 112 133 134 151 152 D: 153 W: 6 end
1 7 T: 3 4 33 34 61 62 87 88 111 112 133 134 153 154 169 170 D: 171 W: 7 end
1 8 T: 3 4 33 34 61 62 87 88 111 112 133 134 153 154 171 172 185 186 D: 187 W: 8 end
1 9 T: 3 4 33 34 61 62 87 88 111 112 133 134 153 154 171 172 187 188 199 200 D: 201 W: 9 end
1 10 T: 3 4 33 34 61 62 87 88 111 112 133 134 153 154 171 172 187 188 201 202 211 212 D: 213 W: 10 end
1 11 T: 3 4 33 34 61 62 87 88 111 112 133 134 153 154 171 172 187 188 201 202 213 214 221 222 D: 223 W: 11 end
1 12 T: 3 4 33 34 61 62 87 88 111 112 133 134 153 154 171 172 187 188 201 202 213 214 223 224 229 230 D: 231 W: 12 end
1 13 T: 3 4 33 34 61 62 87 88 111 112 133 134 153 154 171 172 187 188 201 202 213 214 223 224 231 232 235 236 D: 237 W: 13 end
1 14 T: 3 4 33 34 61 62 87 88 111 112 133 134 153 154 171 172 187 188 201 202 213 214 223 224 231 232 237 238 239 240 W: 14 end
1 15 T: 3 4 33 34 61 62 87 88 111 112 133 134 153 154 171 172 187 188 201 202 213 214 223 224 231 232 237 238 D: 240 W: 15 end
2 0 T: 1 2 3 4 D: 5 W: 15 end
2 1 T: 5 6 31 32 33 34 D: 35 W: 16 end
2 2 T: 5 6 35 36 59 60 61 62 D: 63 W: 1 end
2 3 T: 5 6 35 36 63 64 85 86 87 88 D: 89 W: 2 end
2 4 T: 5 6 35 36 63 64 89 90 109 110 111 112 D: 113 W: 3 end
2 5 T: 5 6 35 36 63 64 89 90 113 114 131 132 133 134 D: 135 W: 4 end
2 6 T: 5 6 35 36 63 64 89 90 113 114 135 136 151 152 153 154 D: 155 W: 5 end
2 7 T: 5 6 35 36 63 64 89 90 113 114 135 136 155 156 169 170 171 172 D: 173 W: 6 end
2 8 T: 5 6 35 36 63 64 89 90 113 114 135 136 155 156 173 174 185 186 187 188 D: 189 W: 7 end
2 9 T: 5 6 35 36 63 64 89 90 113 114 135 136 155 156 173 174 189 190 199 200 201 202 D: 203 W: 8 end
2 10 T: 5 6 35 36 63 64 89 90 113 114 135 136 155 156 173 174 189 190 203 204 211 212 213 214 D: 215 W: 9 end
2 11 T: 5 6 35 36 63 64 89 90 113 114 135 136 155 156 173 174 189 190 203 204 215 216 221 222 223 224 D: 225 W: 10 end
2 12 T: 5 6 35 36 63 64 89 90 113 114 135 136 155 156 173 174 189 190 203 204 215 216 225 226 229 230 231 232 D: 233 W: 11 end
2 13 T: 5 6 35 36 63 64 89 90 113 114 135 136 155 156 173 174 189 190 203 204 215 216 225 226 233 234 235 236 237 238 W: 12 end
2 14 T: 5 6 35 36 63 64 89 90 113 114 135 136 155 156 173 174 189 190 203 204 215 216 225 226 233 234 239 240 D: 238 W: 13 end
2 15 T: 5 6 35 36 63 64 89 90 113 114 135 136 155 156 173 174 189 190 203 204 215 216 225 226 233 234 237 238 239 240 D: 236 W: 14 end
3 0 T: 1 2 3 4 5 6 D: 7 W: 14 end
3 1 T: 7 8 31 32 33 34 35 36 D: 37 W: 15 end
3 2 T: 7 8 37 38 59 60 61 62 63 64 D: 65 W: 16 end
3 3 T: 7 8 37 38 65 66 85 86 87 88 89 90 D: 91 W: 1 end
3 4 T: 7 8 37 38 65 66 91 92 109 110 111 112 113 114 D: 115 W: 2 end
3 5 T: 7 8 37 38 65 66 91 92 115 116 131 132 133 134 135 136 D: 137 W: 3 end
3 6 T: 7 8 37 38 65 66 91 92 115 116 137 138 151 152 153 154 155 156 D: 157 W: 4 end
3 7 T: 7 8 37 38 65 66 91 92 115 116 137 138 157 158 169 170 171 172 173 174 D: 175 W: 5 end
3 8 T: 7 8 37 38 65 66 91 92 115 116 137 138 157 158 175 176 185 186 187 188 189 190 D: 191 W: 6 end
3 9 T: 7 8 37 38 65 66 91 92 115 116 137 138 157 158 175 176 191 192 199 200 201 202 203 204 D: 205 W: 7 end
3 10 T: 7 8 37 38 65 66 91 92 115 116 137 138 157 158 175 176 191 192 205 206 211 212 213 214 215 216 D: 217 W: 8 end
3 11 T: 7 8 37 38 65 66 91 92 115 116 137 138 157 158 175 176 191 192 205 206 217 218 221 222 223 224 225 226 D: 227 W: 9 end
3 12 T: 7 8 37 38 65 66 91 92 115 116 137 138 157 158 175 176 191 192 205 206 217 218 227 228 229 230 231 232 233 234 W: 10 end
3 13 T: 7 8 37 38 65 66 91 92 115 116 137 138 157 158 175 176 191 192 205 206 217 218 227 228 235 236 237 238 D: 234 W: 11 end
3 14 T: 7 8 37 38 65 66 91 92 115 116 137 138 157 158 175 176 191 192 205 206 217 218 227 228 233 234 237 238 239 240 D: 232 W: 12 end
3 15 T: 7 8 37 38 65 66 91 92 115 116 137 138 157 158 175 176 191 192 205 206 217 218 227 228 231 232 233 234 235 236 239 240 D: 230 W: 13 end
4 0 T: 1 2 3 4 5 6 7 8 D: 9 W: 13 end
4 1 T: 9 10 31 32 33 34 35 36 37 38 D: 39 W: 14 end
4 2 T: 9 10 39 40 59 60 61 62 63 64 65 66 D: 67 W: 15 end
4 3 T: 9 10 39 40 67 68 85 86 87 88 89 90 91 92 D: 93 W: 16 end
4 4 T: 9 10 39 40 67 68 93 94 109 110 111 112 113 114 115 116 D: 117 W: 1 end
4 5 T: 9 10 39 40 67 68 93 94 117 118 131 132 133 134 135 136 137 138 D: 139 W: 2 end
4 6 T: 9 10 39 40 67 68 93 94 117 118 139 140 151 152 153 154 155 156 157 158 D: 159 W: 3 end
4 7 T: 9 10 39 40 67 68 93 94 117 118 139 140 159 160 169 170 171 172 173 174 175 176 D: 177 W: 4 end
4 8 T: 9 10 39 40 67 68 93 94 117 118 139 140 159 160 177 178 185 186 187 188 189 190 191 192 D: 193 W: 5 end
4 9 T: 9 10 39 40 67 68 93 94 117 118 139 140 159 160 177 178 193 194 199 200 201 202 203 204 205 206 D: 207 W: 6 end
4 10 T: 9 10 39 40 67 68 93 94 117 118 139 140 159 160 177 178 193 194 207 208 211 212 213 214 215 216 217 218 D: 219 W: 7 end
4 11 T: 9 10 39 40 67 68 93 94 117 118 139 140 159 160 177 178 193 194 207 208 219 220 221 222 223 224 225 226 227 228 W: 8 end
4 12 T: 9 10 39 40 67 68 93 94 117 118 139 140 159 160 177 178 193 194 207 208 219 220 229 230 231 232 233 234 D: 228 W: 9 end
4 13 T: 9 10 39 40 67 68 93 94 117 118 139 140 159 160 177 178 193 194 207 208 219 220 227 228 233 234 235 236 237 238 D: 226 W: 10 end
4 14 T: 9 10 39 40 67 68 93 94 117 118 139 140 159 160 177 178 193 194 207 208 219 220 225 226 227 228 231 232 237 238 239 240 D: 224 W: 11 end
4 15 T: 9 10 39 40 67 68 93 94 117 118 139 140 159 160 177 178 193 194 207 208 219 220 223 224 225 226 227 228 229 230 235 236 239 240 D: 222 W: 12 end
5 0 T: 1 2 3 4 5 6 7 8 9 10 D: 11 W: 12 end
5 1 T: 11 12 31 32 33 34 35 36 37 38 39 40 D: 41 W: 13 end
5 2 T: 11 12 41 42 59 60 61 62 63 64 65 66 67 68 D: 69 W: 14 end
5 3 T: 11 12 41 42 69 70 85 86 87 88 89 90 91 92 93 94 D: 95 W: 15 end
5 4 T: 11 12 41 42 69 70 95 96 109 110 111 112 113 114 115 116 117 118 D: 119 W: 16 end
5 5 T: 11 12 41 42 69 70 95 96 119 120 131 132 133 134 135 136 137 138 139 140 D: 141 W: 1 end
5 6 T: 11 12 41 42 69 70 95 96 119 120 141 142 151 152 153 154 155 156 157 158 159 160 D: 161 W: 2 end
5 7 T: 11 12 41 42 69 70 95 96 119 120 141 142 161 162 169 170 171 172 173 174 175 176 177 178 D: 179 W: 3 end
5 8 T: 11 12 41 42 69 70 95 96 119 120 141 142 161 162 179 180 185 186 187 188 189 190 191 192 193 194 D: 195 W: 4 end
5 9 T: 11 12 41 42 69 70 95 96 119 120 141 142 161 162 179 180 195 196 199 200 201 202 203 204 205 206 207 208 D: 209 W: 5 end
5 10 T: 11 12 41 42 69 70 95 96 119 120 141 142 161 162 179 180 195 196 209 210 211 212 213 214 215 216 217 218 219 220 W: 6 end
5 11 T: 11 12 41 42 69 70 95 96 119 120 141 142 161 162 179 180 195 196 209 210 221 222 223 224 225 226 227 228 D: 220 W: 7 end
5 12 T: 11 12 41 42 69 70 95 96 119 120 141 142 161 162 179 180 195 196 209 210 219 220 227 228 229 230 231 232 233 234 D: 218 W: 8 end
5 13 T: 11 12 41 42 69 70 95 96 119 120 141 142 161 162 179 180 195 196 209 210 217 218 219 220 225 226 233 234 235 236 237 238 D: 216 W: 9 end
5 14 T: 11 12 41 42 69 70 95 96 119 120 141 142 161 162 179 180 195 196 209 210 215 216 217 218 219 220 223 224 231 232 237 238 239 240 D: 214 W: 10 end
5 15 T: 11 12 41 42 69 70 95 96 119 120 141 142 161 162 179 180 195 196 209 210 213 214 215 216 217 218 219 220 221 222 229 230 235 236 239 240 D: 212 W: 11 end
6 0 T: 1 2 3 4 5 6 7 8 9 10 11 12 D: 13 W: 11 end
6 1 T: 13 14 31 32 33 34 35 36 37 38 39 40 41 42 D: 43 W: 12 end
6 2 T: 13 14 43 44 59 60 61 62 63 64 65 66 67 68 69 70 D: 71 W: 13 end
6 3 T: 13 14 43 44 71 72 85 86 87 88 89 90 91 92 93 94 95 96 D: 97 W: 14 end
6 4 T: 13 14 43 44 71 72 97 98 109 110 111 112 113 114 115 116 117 118 119 120 D: 121 W: 15 end
6 5 T: 13 14 43 44 71 72 97 98 121 122 131 132 133 134 135 136 137 138 139 140 141 142 D: 143 W: 16 end
6 6 T: 13 14 43 44 71 72 97 98 121 122 143 144 151 152 153 154 155 156 157 158 159 160 161 162 D: 163 W: 1 end
6 7 T: 13 14 43 44 71 72 97 98 121 122 143 144 163 164 169 170 171 172 173 174 175 176 177 178 179 180 D: 181 W: 2 end
6 8 T: 13 14 43 44 71 72 97 98 121 122 143 144 163 164 181 182 185 186 187 188 189 190 191 192 193 194 195 196 D: 197 W: 3 end
6 9 T: 13 14 43 44 71 72 97 98 121 122 143 144 163 164 181 182 197 198 199 200 201 202 203 204 205 206 207 208 209 210 W: 4 end
6 10 T: 13 14 43 44 71 72 97 98 121 122 143 144 163 164 181 182 197 198 211 212 213 214 215 216 217 218 219 220 D: 210 W: 5 end
6 11 T: 13 14 43 44 71 72 97 98 121 122 143 144 163 164 181 182 197 198 209 210 219 220 221 222 223 224 225 226 227 228 D: 208 W: 6 end
6 12 T: 13 14 43 44 71 72 97 98 121 122 143 144 163 164 181 182 197 198 207 208 209 210 217 218 227 228 229 230 231 232 233 234 D: 206 W: 7 end
6 13 T: 13 14 43 44 71 72 97 98 121 122 143 144 163 164 181 182 197 198 205 206 207 208 209 210 215 216 225 226 233 234 235 236 237 238 D: 204 W: 8 end
6 14 T: 13 14 43 44 71 72 97 98 121 122 143 144 163 164 181 182 197 198 203 204 205 206 207 208 209 210 213 214 223 224 231 232 237 238 239 240 D: 202 W: 9 end
6 15 T: 13 14 43 44 71 72 97 98 121 122 143 144 163 164 181 182 197 198 201 202 203 204 205 206 207 208 209 210 211 212 221 222 229 230 235 236 239 240 D: 200 W: 10 end
7 0 T: 1 2 3 4 5 6 7 8 9 10 11 12 13 14 D: 15 W: 10 end
7 1 T: 15 16 31 32 33 34 35 36 37 38 39 40 41 42 43 44 D: 45 W: 11 end
7 2 T: 15 16 45 46 59 60 61 62 63 64 65 66 67 68 69 70 71 72 D: 73 W: 12 end
7 3 T: 15 16 45 46 73 74 85 86 87 88 89 90 91 92 93 94 95 96 97 98 D: 99 W: 13 end
7 4 T: 15 16 45 46 73 74 99 100 109 110 111 112 113 114 115 116 117 118 119 120 121 122 D: 123 W: 14 end
7 5 T: 15 16 45 46 73 74 99 100 123 124 131 132 133 134 135 136 137 138 139 140 141 142 143 144 D: 145 W: 15 end
7 6 T: 15 16 45 46 73 74 99 100 123 124 145 146 151 152 153 154 155 156 157 158 159 160 161 162 163 164 D: 165 W: 16 end
7 7 T: 15 16 45 46 73 74 99 100 123 124 145 146 165 166 169 170 171 172 173 174 175 176 177 178 179 180 181 182 D: 183 W: 1 end
7 8 T: 15 16 45 46 73 74 99 100 123 124 145 146 165 166 183 184 185 186 187 188 189 190 191 192 193 194 195 196 197 198 W: 2 end
7 9 T: 15 16 45 46 73 74 99 100 123 124 145 146 165 166 183 184 199 200 201 202 203 204 205 206 207 208 209 210 D: 198 W: 3 end
7 10 T: 15 16 45 46 73 74 99 100 123 124 145 146 165 166 183 184 197 198 209 210 211 212 213 214 215 216 217 218 219 220 D: 196 W: 4 end
7 11 T: 15 16 45 46 73 74 99 100 123 124 145 146 165 166 183 184 195 196 197 198 207 208 219 220 221 222 223 224 225 226 227 228 D: 194 W: 5 end
7 12 T: 15 16 45 46 73 74 99 100 123 124 145 146 165 166 183 184 193 194 195 196 197 198 205 206 217 218 227 228 229 230 231 232 233 234 D: 192 W: 6 end
7 13 T: 15 16 45 46 73 74 99 100 123 124 145 146 165 166 183 184 191 192 193 194 195 196 197 198 203 204 215 216 225 226 233 234 235 236 237 238 D: 190 W: 7 end
7 14 T: 15 16 45 46 73 74 99 100 123 124 145 146 165 166 183 184 189 190 191 192 193 194 195 196 197 198 201 202 213 214 223 224 231 232 237 238 239 240 D: 188 W: 8 end
7 15 T: 15 16 45 46 73 74 99 100 123 124 145 146 165 166 183 184 187 188 189 190 191 192 193 194 195 196 197 198 199 200 211 212 221 222 229 230 235 236 239 240 D: 186 W: 9 end
8 0 T: 1 2 3 4 5 6 7 8 9 10 11 12 13 14 15 16 D: 17 W: 9 end
8 1 T: 17 18 31 32 33 34 35 36 37 38 39 40 41 42 43 44 45 46 D: 47 W: 10 end
8 2 T: 17 18 47 48 59 60 61 62 63 64 65 66 67 68 69 70 71 72 73 74 D: 75 W: 11 end
8 3 T: 17 18 47 48 75 76 85 86 87 88 89 90 91 92 93 94 95 96 97 98 99 100 D: 101 W: 12 end
8 4 T: 17 18 47 48 75 76 101 102 109 110 111 112 113 114 115 116 117 118 119 120 121 122 123 124 D: 125 W: 13 end
8 5 T: 17 18 47 48 75 76 101 102 125 126 131 132 133 134 135 136 137 138 139 140 141 142 143 144 145 146 D: 147 W: 14 end
8 6 T: 17 18 47 48 75 76 101 102 125 126 147 148 151 152 153 154 155 156 157 158 159 160 161 162 163 164 165 166 D: 167 W: 15 end
8 7 T: 17 18 47 48 75 76 101 102 125 126 147 148 167 168 169 170 171 172 173 174 175 176 177 178 179 180 181 182 183 184 W: 16 end
8 8 T: 17 18 47 48 75 76 101 102 125 126 147 148 167 168 185 186 187 188 189 190 191 192 193 194 195 196 197 198 D: 184 W: 1 end
8 9 T: 17 18 47 48 75 76 101 102 125 126 147 148 167 168 183 184 197 198 199 200 201 202 203 204 205 206 207 208 209 210 D: 182 W: 2 end
8 10 T: 17 18 47 48 75 76 101 102 125 126 147 148 167 168 181 182 183 184 195 196 209 210 211 212 213 214 215 216 217 218 219 220 D: 180 W: 3 end
8 11 T: 17 18 47 48 75 76 101 102 125 126 147 148 167 168 179 180 181 182 183 184 193 194 207 208 219 220 221 222 223 224 225 226 227 228 D: 178 W: 4 end
8 12 T: 17 18 47 48 75 76 101 102 125 126 147 148 167 168 177 178 179 180 181 182 183 184 191 192 205 206 217 218 227 228 229 230 231 232 233 234 D: 176 W: 5 end
8 13 T: 17 18 47 48 75 76 101 102 125 126 147 148 167 168 175 176 177 178 179 180 181 182 183 184 189 190 203 204 215 216 225 226 233 234 235 236 237 238 D: 174 W: 6 end
8 14 T: 17 18 47 48 75 76 101 102 125 126 147 148 167 168 173 174 175 176 177 178 179 180 181 182 183 184 187 188 201 202 213 214 223 224 231 232 237 238 239 240 D: 172 W: 7 end
8 15 T: 17 18 47 48 75 76 101 102 125 126 147 148 167 168 171 172 173 174 175 176 177 178 179 180 181 182 183 184 185 186 199 200 211 212 221 222 229 230 235 236 239 240 D: 170 W: 8 end
9 0 T: 1 2 3 4 5 6 7 8 9 10 11 12 13 14 15 16 17 18 D: 19 W: 8 end
9 1 T: 19 20 31 32 33 34 35 36 37 38 39 40 41 42 43 44 45 46 47 48 D: 49 W: 9 end
9 2 T: 19 20 49 50 59 60 61 62 63 64 65 66 67 68 69 70 71 72 73 74 75 76 D: 77 W: 10 end
9 3 T: 19 20 49 50 77 78 85 86 87 88 89 90 91 92 93 94 95 96 97 98 99 100 101 102 D: 103 W: 11 end
9 4 T: 19 20 49 50 77 78 103 104 109 110 111 112 113 114 115 116 117 118 119 120 121 122 123 124 125 126 D: 127 W: 12 end
9 5 T: 19 20 49 50 77 78 103 104 127 128 131 132 133 134 135 136 137 138 139 140 141 142 143 144 145 146 147 148 D: 149 W: 13 end
9 6 T: 19 20 49 50 77 78 103 104 127 128 149 150 151 152 153 154 155 156 157 158 159 160 161 162 163 164 165 166 167 168 W: 14 end
9 7 T: 19 20 49 50 77 78 103 104 127 128 149 150 169 170 171 172 173 174 175 176 177 178 179 180 181 182 183 184 D: 168 W: 15 end
9 8 T: 19 20 49 50 77 78 103 104 127 128 149 150 167 168 183 184 185 186 187 188 189 190 191 192 193 194 195 196 197 198 D: 166 W: 16 end
9 9 T: 19 20 49 50 77 78 103 104 127 128 149 150 165 166 167 168 181 182 197 198 199 200 201 202 203 204 205 206 207 208 209 210 D: 164 W: 1 end
9 10 T: 19 20 49 50 77 78 103 104 127 128 149 150 163 164 165 166 167 168 179 180 195 196 209 210 211 212 213 214 215 216 217 218 219 220 D: 162 W: 2 end
9 11 T: 19 20 49 50 77 78 103 104 127 128 149 150 161 162 163 164 165 166 167 168 177 178 193 194 207 208 219 220 221 222 223 224 225 226 227 228 D: 160 W: 3 end
9 12 T: 19 20 49 50 77 78 103 104 127 128 149 150 159 160 161 162 163 164 165 166 167 168 175 176 191 192 205 206 217 218 227 228 229 230 231 232 233 234 D: 158 W: 4 end
9 13 T: 19 20 49 50 77 78 103 104 127 128 149 150 157 158 159 160 161 162 163 164 165 166 167 168 173 174 189 190 203 204 215 216 225 226 233 234 235 236 237 238 D: 156 W: 5 end
9 14 T: 19 20 49 50 77 78 103 104 127 128 149 150 155 156 157 158 159 160 161 162 163 164 165 166 167 168 171 172 187 188 201 202 213 214 223 224 231 232 237 238 239 240 D: 154 W: 6 end
9 15 T: 19 20 49 50 77 78 103 104 127 128 149 150 153 154 155 156 157 158 159 160 161 162 163 164 165 166 167 168 169 170 185 186 199 200 211 212 221 222 229 230 235 236 239 240 D: 152 W: 7 end
10 0 T: 1 2 3 4 5 6 7 8 9 10 11 12 13 14 15 16 17 18 19 20 D: 21 W: 7 end
10 1 T: 21 22 31 32 33 34 35 36 37 38 39 40 41 42 43 44 45 46 47 48 49 50 D: 51 W: 8 end
10 2 T: 21 22 51 52 59 60 61 62 63 64 65 66 67 68 69 70 71 72 73 74 75 76 77 78 D: 79 W: 9 end
10 3 T: 21 22 51 52 79 80 85 86 87 88 89 90 91 92 93 94 95 96 97 98 99 100 101 102 103 104 D: 105 W: 10 end
10 4 T: 21 22 51 52 79 80 105 106 109 110 111 112 113 114 115 116 117 118 119 120 121 122 123 124 125 126 127 128 D: 129 W: 11 end
10 5 T: 21 22 51 52 79 80 105 106 129 130 131 132 133 134 135 136 137 138 139 140 141 142 143 144 145 146 147 148 149 150 W: 12 end
10 6 T: 21 22 51 52 79 80 105 106 129 130 151 152 153 154 155 156 157 158 159 160 161 162 163 164 165 166 167 168 D: 150 W: 13 end
10 7 T: 21 22 51 52 79 80 105 106 129 130 149 150 167 168 169 170 171 172 173 174 175 176 177 178 179 180 181 182 183 184 D: 148 W: 14 end
10 8 T: 21 22 51 52 79 80 105 106 129 130 147 148 149 150 165 166 183 184 185 186 187 188 189 190 191 192 193 194 195 196 197 198 D: 146 W: 15 end
10 9 T: 21 22 51 52 79 80 105 106 129 130 145 146 147 148 149 150 163 164 181 182 197 198 199 200 201 202 203 204 205 206 207 208 209 210 D: 144 W: 16 end
10 10 T: 21 22 51 52 79 80 105 106 129 130 143 144 145 146 147 148 149 150 161 162 179 180 195 196 209 210 211 212 213 214 215 216 217 218 219 220 D: 142 W: 1 end
10 11 T: 21 22 51 52 79 80 105 106 129 130 141 142 143 144 145 146 147 148 149 150 159 160 177 178 193 194 207 208 219 220 221 222 223 224 225 226 227 228 D: 140 W: 2 end
10 12 T: 21 22 51 52 79 80 105 106 129 130 139 140 141 142 143 144 145 146 147 148 149 150 157 158 175 176 191 192 205 206 217 218 227 228 229 230 231 232 233 234 D: 138 W: 3 end
10 13 T: 21 22 51 52 79 80 105 106 129 130 137 138 139 140 141 142 143 144 145 146 147 148 149 150 155 156 173 174 189 190 203 204 215 216 225 226 233 234 235 236 237 238 D: 136 W: 4 end
10 14 T: 21 22 51 52 79 80 105 106 129 130 135 136 137 138 139 140 141 142 143 144 145 146 147 148 149 150 153 154 171 172 187 188 201 202 213 214 223 224 231 232 237 238 239 240 D: 134 W: 5 end
10 15 T: 21 22 51 52 79 80 105 106 129 130 133 134 135 136 137 138 139 140 141 142 143 144 145 146 147 148 149 150 151 152 169 170 185 186 199 200 211 212 221 222 229 230 235 236 239 240 D: 132 W: 6 end
11 0 T: 1 2 3 4 5 6 7 8 9 10 11 12 13 14 15 16 17 18 19 20 21 22 D: 23 W: 6 end
11 1 T: 23 24 31 32 33 34 35 36 37 38 39 40 41 42 43 44 45 46 47 48 49 50 51 52 D: 53 W: 7 end
11 2 T: 23 24 53 54 59 60 61 62 63 64 65 66 67 68 69 70 71 72 73 74 75 76 77 78 79 80 D: 81 W: 8 end
11 3 T: 23 24 53 54 81 82 85 86 87 88 89 90 91 92 93 94 95 96 97 98 99 100 101 102 103 104 105 106 D: 107 W: 9 end
11 4 T: 23 24 53 54 81 82 107 108 109 110 111 112 113 114 115 116 117 118 119 120 121 122 123 124 125 126 127 128 129 130 W: 10 end
11 5 T: 23 24 53 54 81 82 107 108 131 132 133 134 135 136 137 138 139 140 141 142 143 144 145 146 147 148 149 150 D: 130 W: 11 end
11 6 T: 23 24 53 54 81 82 107 108 129 130 149 150 151 152 153 154 155 156 157 158 159 160 161 162 163 164 165 166 167 168 D: 128 W: 12 end
11 7 T: 23 24 53 54 81 82 107 108 127 128 129 130 147 148 167 168 169 170 171 172 173 174 175 176 177 178 179 180 181 182 183 184 D: 126 W: 13 end
11 8 T: 23 24 53 54 81 82 107 108 125 126 127 128 129 130 145 146 165 166 183 184 185 186 187 188 189 190 191 192 193 194 195 196 197 198 D: 124 W: 14 end
11 9 T: 23 24 53 54 81 82 107 108 123 124 125 126 127 128 129 130 143 144 163 164 181 182 197 198 199 200 201 202 203 204 205 206 207 208 209 210 D: 122 W: 15 end
11 10 T: 23 24 53 54 81 82 107 108 121 122 123 124 125 126 127 128 129 130 141 142 161 162 179 180 195 196 209 210 211 212 213 214 215 216 217 218 219 220 D: 120 W: 16 end
11 11 T: 23 24 53 54 81 82 107 108 119 120 121 122 123 124 125 126 127 128 129 130 139 140 159 160 177 178 193 194 207 208 219 220 221 222 223 224 225 226 227 228 D: 118 W: 1 end
11 12 T: 23 24 53 54 81 82 107 108 117 118 119 120 121 122 123 124 125 126 127 128 129 130 137 138 157 158 175 176 191 192 205 206 217 218 227 228 229 230 231 232 233 234 D: 116 W: 2 end
11 13 T: 23 24 53 54 81 82 107 108 115 116 117 118 119 120 121 122 123 124 125 126 127 128 129 130 135 136 155 156 173 174 189 190 203 204 215 216 225 226 233 234 235 236 237 238 D: 114 W: 3 end
11 14 T: 23 24 53 54 81 82 107 108 113 114 115 116 117 118 119 120 121 122 123 124 125 126 127 128 129 130 133 134 153 154 171 172 187 188 201 202 213 214 223 224 231 232 237 238 239 240 D: 112 W: 4 end
11 15 T: 23 24 53 54 81 82 107 108 111 112 113 114 115 116 117 118 119 120 121 122 123 124 125 126 127 128 129 130 131 132 151 152 169 170 185 186 199 200 211 212 221 222 229 230 235 236 239 240 D: 110 W: 5 end
12 0 T: 1 2 3 4 5 6 7 8 9 10 11 12 13 14 15 16 17 18 19 20 21 22 23 24 D: 25 W: 5 end
12 1 T: 25 26 31 32 33 34 35 36 37 38 39 40 41 42 43 44 45 46 47 48 49 50 51 52 53 54 D: 55 W: 6 end
12 2 T: 25 26 55 56 59 60 61 62 63 64 65 66 67 68 69 70 71 72 73 74 75 76 77 78 79 80 81 82 D: 83 W: 7 end
12 3 T: 25 26 55 56 83 84 85 86 87 88 89 90 91 92 93 94 95 96 97 98 99 100 101 102 103 104 105 106 107 108 W: 8 end
12 4 T: 25 26 55 56 83 84 109 110 111 112 113 114 115 116 117 118 119 120 121 122 123 124 125 126 127 128 129 130 D: 108 W: 9 end
12 5 T: 25 26 55 56 83 84 107 108 129 130 131 132 133 134 135 136 137 138 139 140 141 142 143 144 145 146 147 148 149 150 D: 106 W: 10 end
12 6 T: 25 26 55 56 83 84 105 106 107 108 127 128 149 150 151 152 153 154 155 156 157 158 159 160 161 162 163 164 165 166 167 168 D: 104 W: 11 end
12 7 T: 25 26 55 56 83 84 103 104 105 106 107 108 125 126 147 148 167 168 169 170 171 172 173 174 175 176 177 178 179 180 181 182 183 184 D: 102 W: 12 end
12 8 T: 25 26 55 56 83 84 101 102 103 104 105 106 107 108 123 124 145 146 165 166 183 184 185 186 187 188 189 190 191 192 193 194 195 196 197 198 D: 100 W: 13 end
12 9 T: 25 26 55 56 83 84 99 100 101 102 103 104 105 106 107 108 121 122 143 144 163 164 181 182 197 198 199 200 201 202 203 204 205 206 207 208 209 210 D: 98 W: 14 end
12 10 T: 25 26 55 56 83 84 97 98 99 100 101 102 103 104 105 106 107 108 119 120 141 142 161 162 179 180 195 196 209 210 211 212 213 214 215 216 217 218 219 220 D: 96 W: 15 end
12 11 T: 25 26 55 56 83 84 95 96 97 98 99 100 101 102 103 104 105 106 107 108 117 118 139 140 159 160 177 178 193 194 207 208 219 220 221 222 223 224 225 226 227 228 D: 94 W: 16 end
12 12 T: 25 26 55 56 83 84 93 94 95 96 97 98 99 100 101 102 103 104 105 106 107 108 115 116 137 138 157 158 175 176 191 192 205 206 217 218 227 228 229 230 231 232 233 234 D: 92 W: 1 end
12 13 T: 25 26 55 56 83 84 91 92 93 94 95 96 97 98 99 100 101 102 103 104 105 106 107 108 113 114 135 136 155 156 173 174 189 190 203 204 215 216 225 226 233 234 235 236 237 238 D: 90 W: 2 end
12 14 T: 25 26 55 56 83 84 89 90 91 92 93 94 95 96 97 98 99 100 101 102 103 104 105 106 107 108 111 112 133 134 153 154 171 172 187 188 201 202 213 214 223 224 231 232 237 238 239 240 D: 88 W: 3 end
12 15 T: 25 26 55 56 83 84 87 88 89 90 91 92 93 94 95 96 97 98 99 100 101 102 103 104 105 106 107 108 109 110 131 132 151 152 169 170 185 186 199 200 211 212 221 222 229 230 235 236 239 240 D: 86 W: 4 end
13 0 T: 1 2 3 4 5 6 7 8 9 10 11 12 13 14 15 16 17 18 19 20 21 22 23 24 25 26 D: 27 W: 4 end
13 1 T: 27 28 31 32 33 34 35 36 37 38 39 40 41 42 43 44 45 46 47 48 49 50 51 52 53 54 55 56 D: 57 W: 5 end
13 2 T: 27 28 57 58 59 60 61 62 63 64 65 66 67 68 69 70 71 72 73 74 75 76 77 78 79 80 81 82 83 84 W: 6 end
13 3 T: 27 28 57 58 85 86 87 88 89 90 91 92 93 94 95 96 97 98 99 100 101 102 103 104 105 106 107 108 D: 84 W: 7 end
13 4 T: 27 28 57 58 83 84 107 108 109 110 111 112 113 114 115 116 117 118 119 120 121 122 123 124 125 126 127 128 129 130 D: 82 W: 8 end
13 5 T: 27 28 57 58 81 82 83 84 105 106 129 130 131 132 133 134 135 136 137 138 139 140 141 142 143 144 145 146 147 148 149 150 D: 80 W: 9 end
13 6 T: 27 28 57 58 79 80 81 82 83 84 103 104 127 128 149 150 151 152 153 154 155 156 157 158 159 160 161 162 163 164 165 166 167 168 D: 78 W: 10 end
13 7 T: 27 28 57 58 77 78 79 80 81 82 83 84 101 102 125 126 147 148 167 168 169 170 171 172 173 174 175 176 177 178 179 180 181 182 183 184 D: 76 W: 11 end
13 8 T: 27 28 57 58 75 76 77 78 79 80 81 82 83 84 99 100 123 124 145 146 165 166 183 184 185 186 187 188 189 190 191 192 193 194 195 196 197 198 D: 74 W: 12 end
13 9 T: 27 28 57 58 73 74 75 76 77 78 79 80 81 82 83 84 97 98 121 122 143 144 163 164 181 182 197 198 199 200 201 202 203 204 205 206 207 208 209 210 D: 72 W: 13 end
13 10 T: 27 28 57 58 71 72 73 74 75 76 77 78 79 80 81 82 83 84 95 96 119 120 141 142 161 162 179 180 195 196 209 210 211 212 213 214 215 216 217 218 219 220 D: 70 W: 14 end
13 11 T: 27 28 57 58 69 70 71 72 73 74 75 76 77 78 79 80 81 82 83 84 93 94 117 118 139 140 159 160 177 178 193 194 207 208 219 220 221 222 223 224 225 226 227 228 D: 68 W: 15 end
13 12 T: 27 28 57 58 67 68 69 70 71 72 73 74 75 76 77 78 79 80 81 82 83 84 91 92 115 116 137 138 157 158 175 176 191 192 205 206 217 218 227 228 229 230 231 232 233 234 D: 66 W: 16 end
13 13 T: 27 28 57 58 65 66 67 68 69 70 71 72 73 74 75 76 77 78 79 80 81 82 83 84 89 90 113 114 135 136 155 156 173 174 189 190 203 204 215 216 225 226 233 234 235 236 237 238 D: 64 W: 1 end
13 14 T: 27 28 57 58 63 64 65 66 67 68 69 70 71 72 73 74 75 76 77 78 79 80 81 82 83 84 87 88 111 112 133 134 153 154 171 172 187 188 201 202 213 214 223 224 231 232 237 238 239 240 D: 62 W: 2 end
13 15 T: 27 28 57 58 61 62 63 64 65 66 67 68 69 70 71 72 73 74 75 76 77 78 79 80 81 82 83 84 85 86 109 110 131 132 151 152 169 170 185 186 199 200 211 212 221 222 229 230 235 236 239 240 D: 60 W: 3 end
14 0 T: 1 2 3 4 5 6 7 8 9 10 11 12 13 14 15 16 17 18 19 20 21 22 23 24 25 26 27 28 D: 29 W: 3 end
14 1 T: 29 30 31 32 33 34 35 36 37 38 39 40 41 42 43 44 45 46 47 48 49 50 51 52 53 54 55 56 57 58 W: 4 end
14 2 T: 29 30 59 60 61 62 63 64 65 66 67 68 69 70 71 72 73 74 75 76 77 78 79 80 81 82 83 84 D: 58 W: 5 end
14 3 T: 29 30 57 58 83 84 85 86 87 88 89 90 91 92 93 94 95 96 97 98 99 100 101 102 103 104 105 106 107 108 D: 56 W: 6 end
14 4 T: 29 30 55 56 57 58 81 82 107 108 109 110 111 112 113 114 115 116 117 118 119 120 121 122 123 124 125 126 127 128 129 130 D: 54 W: 7 end
14 5 T: 29 30 53 54 55 56 57 58 79 80 105 106 129 130 131 132 133 134 135 136 137 138 139 140 141 142 143 144 145 146 147 148 149 150 D: 52 W: 8 end
14 6 T: 29 30 51 52 53 54 55 56 57 58 77 78 103 104 127 128 149 150 151 152 153 154 155 156 157 158 159 160 161 162 163 164 165 166 167 168 D: 50 W: 9 end
14 7 T: 29 30 49 50 51 52 53 54 55 56 57 58 75 76 101 102 125 126 147 148 167 168 169 170 171 172 173 174 175 176 177 178 179 180 181 182 183 184 D: 48 W: 10 end
14 8 T: 29 30 47 48 49 50 51 52 53 54 55 56 57 58 73 74 99 100 123 124 145 146 165 166 183 184 185 186 187 188 189 190 191 192 193 194 195 196 197 198 D: 46 W: 11 end
14 9 T: 29 30 45 46 47 48 49 50 51 52 53 54 55 56 57 58 71 72 97 98 121 122 143 144 163 164 181 182 197 198 199 200 201 202 203 204 205 206 207 208 209 210 D: 44 W: 12 end
14 10 T: 29 30 43 44 45 46 47 48 49 50 51 52 53 54 55 56 57 58 69 70 95 96 119 120 141 142 161 162 179 180 195 196 209 210 211 212 213 214 215 216 217 218 219 220 D: 42 W: 13 end
14 11 T: 29 30 41 42 43 44 45 46 47 48 49 50 51 52 53 54 55 56 57 58 67 68 93 94 117 118 139 140 159 160 177 178 193 194 207 208 219 220 221 222 223 224 225 226 227 228 D: 40 W: 14 end
14 12 T: 29 30 39 40 41 42 43 44 45 46 47 48 49 50 51 52 53 54 55 56 57 58 65 66 91 92 115 116 137 138 157 158 175 176 191 192 205 206 217 218 227 228 229 230 231 232 233 234 D: 38 W: 15 end
14 13 T: 29 30 37 38 39 40 41 42 43 44 45 46 47 48 49 50 51 52 53 54 55 56 57 58 63 64 89 90 113 114 135 136 155 156 173 174 189 190 203 204 215 216 225 226 233 234 235 236 237 238 D: 36 W: 16 end
14 14 T: 29 30 35 36 37 38 39 40 41 42 43 44 45 46 47 48 49 50 51 52 53 54 55 56 57 58 61 62 87 88 111 112 133 134 153 154 171 172 187 188 201 202 213 214 223 224 231 232 237 238 239 240 D: 34 W: 1 end
14 15 T: 29 30 33 34 35 36 37 38 39 40 41 42 43 44 45 46 47 48 49 50 51 52 53 54 55 56 57 58 59 60 85 86 109 110 131 132 151 152 169 170 185 186 199 200 211 212 221 222 229 230 235 236 239 240 D: 32 W: 2 end
15 0 T: 1 2 3 4 5 6 7 8 9 10 11 12 13 14 15 16 17 18 19 20 21 22 23 24 25 26 27 28 29 30 W: 2 end
15 1 T: 31 32 33 34 35 36 37 38 39 40 41 42 43 44 45 46 47 48 49 50 51 52 53 54 55 56 57 58 D: 30 W: 3 end
15 2 T: 29 30 57 58 59 60 61 62 63 64 65 66 67 68 69 70 71 72 73 74 75 76 77 78 79 80 81 82 83 84 D: 28 W: 4 end
15 3 T: 27 28 29 30 55 56 83 84 85 86 87 88 89 90 91 92 93 94 95 96 97 98 99 100 101 102 103 104 105 106 107 108 D: 26 W: 5 end
15 4 T: 25 26 27 28 29 30 53 54 81 82 107 108 109 110 111 112 113 114 115 116 117 118 119 120 121 122 123 124 125 126 127 128 129 130 D: 24 W: 6 end
15 5 T: 23 24 25 26 27 28 29 30 51 52 79 80 105 106 129 130 131 132 133 134 135 136 137 138 139 140 141 142 143 144 145 146 147 148 149 150 D: 22 W: 7 end
15 6 T: 21 22 23 24 25 26 27 28 29 30 49 50 77 78 103 104 127 128 149 150 151 152 153 154 155 156 157 158 159 160 161 162 163 164 165 166 167 168 D: 20 W: 8 end
15 7 T: 19 20 21 22 23 24 25 26 27 28 29 30 47 48 75 76 101 102 125 126 147 148 167 168 169 170 171 172 173 174 175 176 177 178 179 180 181 182 183 184 D: 18 W: 9 end
15 8 T: 17 18 19 20 21 22 23 24 25 26 27 28 29 30 45 46 73 74 99 100 123 124 145 146 165 166 183 184 185 186 187 188 189 190 191 192 193 194 195 196 197 198 D: 16 W: 10 end
15 9 T: 15 16 17 18 19 20 21 22 23 24 25 26 27 28 29 30 43 44 71 72 97 98 121 122 143 144 163 164 181 182 197 198 199 200 201 202 203 204 205 206 207 208 209 210 D: 14 W: 11 end
15 10 T: 13 14 15 16 17 18 19 20 21 22 23 24 25 26 27 28 29 30 41 42 69 70 95 96 119 120 141 142 161 162 179 180 195 196 209 210 211 212 213 214 215 216 217 218 219 220 D: 12 W: 12 end
15 11 T: 11 12 13 14 15 16 17 18 19 20 21 22 23 24 25 26 27 28 29 30 39 40 67 68 93 94 117 118 139 140 159 160 177 178 193 194 207 208 219 220 221 222 223 224 225 226 227 228 D: 10 W: 13 end
15 12 T: 9 10 11 12 13 14 15 16 17 18 19 20 21 22 23 24 25 26 27 28 29 30 37 38 65 66 91 92 115 116 137 138 157 158 175 176 191 192 205 206 217 218 227 228 229 230 231 232 233 234 D: 8 W: 14 end
15 13 T: 7 8 9 10 11 12 13 14 15 16 17 18 19 20 21 22 23 24 25 26 27 28 29 30 35 36 63 64 89 90 113 114 135 136 155 156 173 174 189 190 203 204 215 216 225 226 233 234 235 236 237 238 D: 6 W: 15 end
15 14 T: 5 6 7 8 9 10 11 12 13 14 15 16 17 18 19 20 21 22 23 24 25 26 27 28 29 30 33 34 61 62 87 88 111 112 133 134 153 154 171 172 187 188 201 202 213 214 223 224 231 232 237 238 239 240 D: 4 W: 16 end
15 15 T: 3 4 5 6 7 8 9 10 11 12 13 14 15 16 17 18 19 20 21 22 23 24 25 26 27 28 29 30 31 32 59 60 85 86 109 110 131 132 151 152 169 170 185 186 199 200 211 212 221 222 229 230 235 236 239 240 D: 2 W: 1 end