ending Id Receiving Id Loss
0 1 0.6
0 2 0.7
0 3 0.8
0 4 0.9
0 5 1
0 6 1.1
0 7 1.2
0 8 1.7
0 9 1.6
0 10 1.5
0 11 1.4
0 12 1.3
0 13 1.2
0 14 1.1
0 15 0.7
1 2 0.8
1 3 0.9
1 4 1
1 5 1.1
1 6 1.2
1 7 1.3
1 8 1.6
1 9 1.5
1 10 1.4
1 11 1.3
1 12 1.2
1 13 1.1
1 0 0.5
1 15 1.2
1 14 0.7
2 3 1
2 4 1.1
2 5 1.2
2 6 1.3
2 7 1.4
2 8 1.5
2 9 1.4
2 10 1.3
2 11 1.2
2 12 1.1
2 0 0.6
2 14 1.2
2 15 1.1
2 1 0.7
2 13 0.7
3 4 1.2
3 5 1.3
3 6 1.4
3 7 1.5
3 8 1.4
3 9 1.3
3 10 1.2
3 11 1.1
3 0 0.7
3 13 1.2
3 14 1.1
3 15 1
3 1 0.8
3 2 0.9
3 12 0.7
4 5 1.4
4 6 1.5
4 7 1.6
4 8 1.3
4 9 1.2
4 10 1.1
4 0 0.8
4 12 1.2
4 13 1.1
4 14 1
4 15 0.9
4 1 0.9
4 2 1
4 3 1.1
4 11 0.7
5 6 1.6
5 7 1.7
5 8 1.2
5 9 1.1
5 0 0.9
5 11 1.2
5 12 1.1
5 13 1
5 14 0.9
5 15 0.8
5 1 1
5 2 1.1
5 3 1.2
5 4 1.3
5 10 0.7
6 7 1.8
6 8 1.1
6 0 1
6 10 1.2
6 11 1.1
6 12 1
6 13 0.9
6 14 0.8
6 15 0.7
6 1 1.1
6 2 1.2
6 3 1.3
6 4 1.4
6 5 1.5
6 9 0.7
7 0 1.1
7 9 1.2
7 10 1.1
7 11 1
7 12 0.9
7 13 0.8
7 14 0.7
7 15 0.6
7 1 1.2
7 2 1.3
7 3 1.4
7 4 1.5
7 5 1.6
7 6 1.7
7 8 0.7
8 9 0.5
8 10 0.6
8 11 0.7
8 12 0.8
8 13 0.9
8 14 1
8 15 1.1
8 1 1.7
8 2 1.6
8 3 1.5
8 4 1.4
8 5 1.3
8 6 1.2
8 0 1.8
8 7 0.7
9 10 0.7
9 11 0.8
9 12 0.9
9 13 1
9 14 1.1
9 15 1.2
9 1 1.6
9 2 1.5
9 3 1.4
9 4 1.3
9 5 1.2
9 0 1.7
9 7 1.1
9 8 0.6
9 6 0.7
10 11 0.9
10 12 1
10 13 1.1
10 14 1.2
10 15 1.3
10 1 1.5
10 2 1.4
10 3 1.3
10 4 1.2
10 0 1.6
10 6 1.1
10 7 1
10 8 0.7
10 9 0.8
10 5 0.7
11 12 1.1
11 13 1.2
11 14 1.3
11 15 1.4
11 1 1.4
11 2 1.3
11 3 1.2
11 0 1.5
11 5 1.1
11 6 1
11 7 0.9
11 8 0.8
11 9 0.9
11 10 1
11 4 0.7
12 13 1.3
12 14 1.4
12 15 1.5
12 1 1.3
12 2 1.2
12 0 1.4
12 4 1.1
12 5 1
12 6 0.9
12 7 0.8
12 8 0.9
12 9 1
12 10 1.1
12 11 1.2
12 3 0.7
13 14 1.5
13 15 1.6
13 1 1.2
13 0 1.3
13 3 1.1
13 4 1
13 5 0.9
13 6 0.8
13 7 0.7
13 8 1
13 9 1.1
13 10 1.2
13 11 1.3
13 12 1.4
13 2 0.7
14 15 1.7
14 0 1.2
14 2 1.1
14 3 1
14 4 0.9
14 5 0.8
14 6 0.7
14 7 0.6
14 8 1.1
14 9 1.2
14 10 1.3
14 11 1.4
14 12 1.5
14 13 1.6
14 1 0.7
15 8 1.2
15 1 1.1
15 9 1.3
15 2 1
15 10 1.4
15 3 0.9
15 11 1.5
15 4 0.8
15 12 1.6
15 5 0.7
15 13 1.7
15 6 0.6
15 14 1.8
15 7 0.5
15 0 0.7
