ending Id Receiving Id Loss
0 15 0.505
15 0 0.685
15 8 1.045
8 15 1.225
7 8 1.765
8 7 1.585
7 0 1.045
0 7 1.225
0 14 0.595
14 0 0.775
14 8 0.955
8 14 1.135
6 8 1.675
8 6 1.495
6 0 1.135
0 6 1.315
0 13 0.685
13 0 0.865
13 8 0.865
8 13 1.045
5 8 1.585
8 5 1.405
5 0 1.225
0 5 1.405
0 12 0.775
12 0 0.955
12 8 0.775
8 12 0.955
4 8 1.495
8 4 1.315
4 0 1.315
0 4 1.495
0 11 0.865
11 0 1.045
11 8 0.685
8 11 0.865
3 8 1.405
8 3 1.225
3 0 1.405
0 3 1.585
0 10 0.955
10 0 1.135
10 8 0.595
8 10 0.775
2 8 1.315
8 2 1.135
2 0 1.495
0 2 1.675
0 9 1.045
9 0 1.225
9 8 0.505
8 9 0.685
1 8 1.225
8 1 1.045
1 0 1.585
0 1 1.765
1 15 0.595
15 1 0.775
15 9 1.135
9 15 1.315
7 9 1.675
9 7 1.495
7 1 0.955
1 7 1.135
1 14 0.685
14 1 0.865
14 9 1.045
9 14 1.225
6 9 1.585
9 6 1.405
6 1 1.045
1 6 1.225
1 13 0.775
13 1 0.955
13 9 0.955
9 13 1.135
5 9 1.495
9 5 1.315
5 1 1.135
1 5 1.315
1 12 0.865
12 1 1.045
12 9 0.865
9 12 1.045
4 9 1.405
9 4 1.225
4 1 1.225
1 4 1.405
1 11 0.955
11 1 1.135
11 9 0.775
9 11 0.955
3 9 1.315
9 3 1.135
3 1 1.315
1 3 1.495
1 10 1.045
10 1 1.225
10 9 0.685
9 10 0.865
2 9 1.225
9 2 1.045
2 1 1.405
1 2 1.585
2 15 0.685
15 2 0.865
15 10 1.225
10 15 1.405
7 10 1.585
10 7 1.405
7 2 0.865
2 7 1.045
2 14 0.775
14 2 0.955
14 10 1.135
10 14 1.315
6 10 1.495
10 6 1.315
6 2 0.955
2 6 1.135
2 13 0.865
13 2 1.045
13 10 1.045
10 13 1.225
5 10 1.405
10 5 1.225
5 2 1.045
2 5 1.225
2 12 0.955
12 2 1.135
12 10 0.955
10 12 1.135
4 10 1.315
10 4 1.135
4 2 1.135
2 4 1.315
2 11 1.045
11 2 1.225
11 10 0.865
10 11 1.045
3 10 1.225
10 3 1.045
3 2 1.225
2 3 1.405
3 15 0.775
15 3 0.955
15 11 1.315
11 15 1.495
7 11 1.495
11 7 1.315
7 3 0.775
3 7 0.955
3 14 0.865
14 3 1.045
14 11 1.225
11 14 1.405
6 11 1.405
11 6 1.225
6 3 0.865
3 6 1.045
3 13 0.955
13 3 1.135
13 11 1.135
11 13 1.315
5 11 1.315
11 5 1.135
5 3 0.955
3 5 1.135
3 12 1.045
12 3 1.225
12 11 1.045
11 12 1.225
4 11 1.225
11 4 1.045
4 3 1.045
3 4 1.225
4 15 0.865
15 4 1.045
15 12 1.405
12 15 1.585
7 12 1.405
12 7 1.225
7 4 0.685
4 7 0.865
4 14 0.955
14 4 1.135
14 12 1.315
12 14 1.495
6 12 1.315
12 6 1.135
6 4 0.775
4 6 0.955
4 13 1.045
13 4 1.225
13 12 1.225
12 13 1.405
5 12 1.225
12 5 1.045
5 4 0.865
4 5 1.045
5 15 0.955
15 5 1.135
15 13 1.495
13 15 1.675
7 13 1.315
13 7 1.135
7 5 0.595
5 7 0.775
5 14 1.045
14 5 1.225
14 13 1.405
13 14 1.585
6 13 1.225
13 6 1.045
6 5 0.685
5 6 0.865
6 15 1.045
15 6 1.225
15 14 1.585
14 15 1.765
7 14 1.225
14 7 1.045
7 6 0.505
6 7 0.685
0 8 0.63
8 0 0.63
1 9 0.63
9 1 0.63
2 10 0.63
10 2 0.63
3 11 0.63
11 3 0.63
4 12 0.63
12 4 0.63
5 13 0.63
13 5 0.63
6 14 0.63
14 6 0.63
7 15 0.63
15 7 0.63
