0 0 0.515
0 1 0.565
0 2 0.615
0 3 0.665
0 4 0.715
0 5 0.765
0 6 0.815
0 7 0.865
0 8 0.915
0 9 0.965
0 10 1.015
0 11 1.065
0 12 1.115
0 13 1.165
0 14 1.215
0 15 0.76
1 0 0.565
1 1 0.615
1 2 0.665
1 3 0.715
1 4 0.765
1 5 0.815
1 6 0.865
1 7 0.915
1 8 0.965
1 9 1.015
1 10 1.065
1 11 1.115
1 12 1.165
1 13 1.215
1 14 0.77
1 15 1.215
2 0 0.615
2 1 0.665
2 2 0.715
2 3 0.765
2 4 0.815
2 5 0.865
2 6 0.915
2 7 0.965
2 8 1.015
2 9 1.065
2 10 1.115
2 11 1.165
2 12 1.215
2 13 0.77
2 14 1.215
2 15 1.265
3 0 0.665
3 1 0.715
3 2 0.765
3 3 0.815
3 4 0.865
3 5 0.915
3 6 0.965
3 7 1.015
3 8 1.065
3 9 1.115
3 10 1.165
3 11 1.215
3 12 0.77
3 13 1.215
3 14 1.265
3 15 1.315
4 0 0.715
4 1 0.765
4 2 0.815
4 3 0.865
4 4 0.915
4 5 0.965
4 6 1.015
4 7 1.065
4 8 1.115
4 9 1.165
4 10 1.215
4 11 0.77
4 12 1.215
4 13 1.265
4 14 1.315
4 15 1.365
5 0 0.765
5 1 0.815
5 2 0.865
5 3 0.915
5 4 0.965
5 5 1.015
5 6 1.065
5 7 1.115
5 8 1.165
5 9 1.215
5 10 0.77
5 11 1.215
5 12 1.265
5 13 1.315
5 14 1.365
5 15 1.415
6 0 0.815
6 1 0.865
6 2 0.915
6 3 0.965
6 4 1.015
6 5 1.065
6 6 1.115
6 7 1.165
6 8 1.215
6 9 0.77
6 10 1.215
6 11 1.265
6 12 1.315
6 13 1.365
6 14 1.415
6 15 1.465
7 0 0.865
7 1 0.915
7 2 0.965
7 3 1.015
7 4 1.065
7 5 1.115
7 6 1.165
7 7 1.215
7 8 0.77
7 9 1.215
7 10 1.265
7 11 1.315
7 12 1.365
7 13 1.415
7 14 1.465
7 15 1.515
8 0 0.915
8 1 0.965
8 2 1.015
8 3 1.065
8 4 1.115
8 5 1.165
8 6 1.215
8 7 0.77
8 8 1.225
8 9 1.265
8 10 1.315
8 11 1.365
8 12 1.415
8 13 1.465
8 14 1.515
8 15 1.565
9 0 0.965
9 1 1.015
9 2 1.065
9 3 1.115
9 4 1.165
9 5 1.215
9 6 0.77
9 7 1.225
9 8 1.275
9 9 1.325
9 10 1.365
9 11 1.415
9 12 1.465
9 13 1.515
9 14 1.565
9 15 1.615
10 0 1.015
10 1 1.065
10 2 1.115
10 3 1.165
10 4 1.215
10 5 0.77
10 6 1.225
10 7 1.275
10 8 1.325
10 9 1.375
10 10 1.425
10 11 1.465
10 12 1.515
10 13 1.565
10 14 1.615
10 15 1.665
11 0 1.065
11 1 1.115
11 2 1.165
11 3 1.215
11 4 0.77
11 5 1.225
11 6 1.275
11 7 1.325
11 8 1.375
11 9 1.425
11 10 1.475
11 11 1.525
11 12 1.565
11 13 1.615
11 14 1.665
11 15 1.715
12 0 1.115
12 1 1.165
12 2 1.215
12 3 0.77
12 4 1.225
12 5 1.275
12 6 1.325
12 7 1.375
12 8 1.425
12 9 1.475
12 10 1.525
12 11 1.575
12 12 1.625
12 13 1.665
12 14 1.715
12 15 1.765
13 0 1.165
13 1 1.215
13 2 0.77
13 3 1.225
13 4 1.275
13 5 1.325
13 6 1.375
13 7 1.425
13 8 1.475
13 9 1.525
13 10 1.575
13 11 1.625
13 12 1.675
13 13 1.725
13 14 1.765
13 15 1.815
14 0 1.215
14 1 0.77
14 2 1.225
14 3 1.275
14 4 1.325
14 5 1.375
14 6 1.425
14 7 1.475
14 8 1.525
14 9 1.575
14 10 1.625
14 11 1.675
14 12 1.725
14 13 1.775
14 14 1.825
14 15 1.865
15 0 0.77
15 1 1.225
15 2 1.275
15 3 1.325
15 4 1.375
15 5 1.425
15 6 1.475
15 7 1.525
15 8 1.575
15 9 1.625
15 10 1.675
15 11 1.725
15 12 1.775
15 13 1.825
15 14 1.875
15 15 1.915